date_range,watch_days,hold_days,num_stocks_to_buy,loss_limit,fee_%,num_tickers,nsmallest/nlargest,total_profit,yearly_profit,win_ratio
2000-08-03/2022-12-31,2,2,1,0.999,0.2,208,nsmallest,30996.40469,1.58643,1.0
2000-08-09/2022-12-31,2,2,1,0.999,0.2,208,nsmallest,29942.77801,1.58452,0.99
2000-08-03/2022-12-31,2,2,1,0.998,0.2,208,nsmallest,14096.41875,1.53162,1.0
2000-08-09/2022-12-31,2,2,1,0.998,0.2,208,nsmallest,13603.62381,1.52967,0.99
2000-08-05/2022-12-31,2,3,1,0.999,0.2,208,nsmallest,9248.2433,1.50323,1.0
2000-08-05/2022-12-31,2,4,1,0.999,0.2,208,nsmallest,7651.21354,1.49057,0.99
2000-08-03/2022-12-31,2,2,1,0.997,0.2,208,nsmallest,7641.68658,1.49034,1.0
2000-08-09/2022-12-31,2,2,1,0.997,0.2,208,nsmallest,7367.15249,1.48834,0.99
2000-08-08/2022-12-31,2,4,1,0.999,0.2,208,nsmallest,7057.23564,1.48541,1.0
2000-08-05/2022-12-31,2,3,1,0.998,0.2,208,nsmallest,7072.44569,1.48534,1.0
2000-08-07/2022-12-31,2,4,1,0.999,0.2,208,nsmallest,7057.23564,1.48534,1.0
2000-08-06/2022-12-31,2,4,1,0.999,0.2,208,nsmallest,7057.23564,1.48527,1.0
2000-08-05/2022-12-31,2,4,1,0.998,0.2,208,nsmallest,4691.57507,1.45838,0.99
2000-08-05/2022-12-31,2,2,1,0.999,0.2,208,nsmallest,4656.26696,1.45789,1.0
2000-08-01/2022-12-31,2,2,1,0.999,0.2,208,nsmallest,4633.04139,1.45729,1.0
2000-08-05/2022-12-31,2,3,1,0.997,0.2,208,nsmallest,4478.91167,1.45536,0.99
2000-08-08/2022-12-31,2,4,1,0.998,0.2,208,nsmallest,4414.43507,1.45462,1.0
2000-08-07/2022-12-31,2,4,1,0.998,0.2,208,nsmallest,4414.43507,1.45455,1.0
2000-08-06/2022-12-31,2,4,1,0.998,0.2,208,nsmallest,4414.43507,1.45449,1.0
2000-08-03/2022-12-31,3,2,1,0.999,0.2,208,nsmallest,4413.27336,1.45427,1.0
2000-08-07/2022-12-31,3,5,1,0.999,0.2,208,nsmallest,4254.04788,1.45215,1.0
2000-08-06/2022-12-31,3,5,1,0.999,0.2,208,nsmallest,4254.04788,1.45209,1.0
2000-08-08/2022-12-31,3,5,1,0.999,0.2,208,nsmallest,4190.46897,1.45124,1.0
2000-08-05/2022-12-31,2,6,1,0.999,0.2,208,nsmallest,4174.23393,1.45079,0.99
2000-08-05/2022-12-31,3,3,1,0.999,0.2,208,nsmallest,3929.54135,1.44689,1.0
2000-08-01/2022-12-31,4,2,1,0.999,0.2,208,nsmallest,3870.13146,1.44564,1.0
2000-08-09/2022-12-31,4,2,1,0.999,0.2,208,nsmallest,3618.20997,1.44182,0.99
2000-08-05/2022-12-31,4,4,1,0.999,0.2,208,nsmallest,3600.66398,1.44125,0.99
2000-08-05/2022-12-31,2,2,2,0.999,0.2,208,nsmallest,3533.69747,1.44004,1.0
2000-08-01/2022-12-31,2,2,2,0.999,0.2,208,nsmallest,3516.0713,1.43947,1.0
2000-08-03/2022-12-31,3,4,1,0.999,0.2,208,nsmallest,3467.43168,1.4387,1.0
2000-08-05/2022-12-31,2,2,1,0.998,0.2,208,nsmallest,3257.20243,1.43482,1.0
2000-08-08/2022-12-31,2,2,1,0.999,0.2,208,nsmallest,3240.24216,1.43467,1.0
2000-08-07/2022-12-31,2,2,1,0.999,0.2,208,nsmallest,3240.24216,1.43461,1.0
2000-08-06/2022-12-31,2,2,1,0.999,0.2,208,nsmallest,3240.24216,1.43455,1.0
2000-08-01/2022-12-31,2,2,1,0.998,0.2,208,nsmallest,3237.71122,1.43418,1.0
2000-08-02/2022-12-31,2,2,1,0.999,0.2,208,nsmallest,3227.30707,1.43404,1.0
2000-08-03/2022-12-31,2,3,1,0.999,0.2,208,nsmallest,3104.49409,1.43162,1.0
2000-08-03/2022-12-31,3,3,1,0.999,0.2,208,nsmallest,3094.64422,1.43142,0.99
2000-08-03/2022-12-31,2,2,2,0.999,0.2,208,nsmallest,3061.706,1.43073,1.0
2000-08-07/2022-12-31,3,5,1,0.998,0.2,208,nsmallest,3039.52265,1.43052,1.0
2000-08-06/2022-12-31,3,5,1,0.998,0.2,208,nsmallest,3039.52265,1.43046,1.0
2000-08-09/2022-12-31,2,2,2,0.999,0.2,208,nsmallest,3000.39889,1.42982,1.0
2000-08-08/2022-12-31,3,5,1,0.998,0.2,208,nsmallest,2991.09835,1.42956,1.0
2000-08-05/2022-12-31,2,4,1,0.997,0.2,208,nsmallest,2867.04388,1.42667,0.99
2000-08-05/2022-12-31,2,6,1,0.998,0.2,208,nsmallest,2801.73196,1.4252,0.98
2000-08-03/2022-12-31,3,4,1,0.998,0.2,208,nsmallest,2619.93065,1.42082,1.0
2000-08-05/2022-12-31,4,4,1,0.998,0.2,208,nsmallest,2503.6659,1.41807,0.99
2000-08-07/2022-12-31,3,5,1,0.997,0.2,208,nsmallest,2481.37996,1.41762,1.0
2000-08-06/2022-12-31,3,5,1,0.997,0.2,208,nsmallest,2481.37996,1.41756,1.0
2000-08-01/2022-12-31,4,2,1,0.998,0.2,208,nsmallest,2480.71628,1.41724,1.0
2000-08-08/2022-12-31,3,5,1,0.997,0.2,208,nsmallest,2439.40099,1.4166,1.0
2000-08-08/2022-12-31,2,2,1,0.998,0.2,208,nsmallest,2414.05436,1.41594,1.0
2000-08-07/2022-12-31,2,2,1,0.998,0.2,208,nsmallest,2414.05436,1.41588,1.0
2000-08-06/2022-12-31,2,2,1,0.998,0.2,208,nsmallest,2414.05436,1.41582,1.0
2000-08-02/2022-12-31,2,2,1,0.998,0.2,208,nsmallest,2404.41742,1.41533,1.0
2000-08-01/2022-12-31,2,2,2,0.998,0.2,208,nsmallest,2383.21678,1.41471,1.0
2000-08-05/2022-12-31,2,2,2,0.998,0.2,208,nsmallest,2368.86764,1.41457,1.0
2000-08-03/2022-12-31,2,3,1,0.998,0.2,208,nsmallest,2369.84511,1.41447,1.0
2000-08-09/2022-12-31,4,2,1,0.998,0.2,208,nsmallest,2319.23709,1.41347,0.99
2000-08-02/2022-12-31,4,2,1,0.999,0.2,208,nsmallest,2322.29708,1.41313,1.0
2000-08-09/2022-12-31,2,6,1,0.999,0.2,208,nsmallest,2276.66727,1.4123,0.99
2000-08-03/2022-12-31,3,2,1,0.998,0.2,208,nsmallest,2268.43024,1.41171,1.0
2000-08-05/2022-12-31,3,3,1,0.998,0.2,208,nsmallest,2207.29506,1.41011,1.0
2000-08-04/2022-12-31,2,5,1,0.999,0.2,208,nsmallest,2208.97181,1.4101,1.0
2000-08-05/2022-12-31,4,4,1,0.997,0.2,208,nsmallest,2202.65585,1.40998,0.99
2000-08-01/2022-12-31,5,2,1,0.999,0.2,208,nsmallest,2163.83113,1.40863,1.0
2000-08-05/2022-12-31,2,2,1,0.997,0.2,208,nsmallest,2117.60055,1.4075,1.0
2000-08-08/2022-12-31,2,4,1,0.997,0.2,208,nsmallest,2108.96844,1.40742,1.0
2000-08-07/2022-12-31,2,4,1,0.997,0.2,208,nsmallest,2108.96844,1.40737,1.0
2000-08-06/2022-12-31,2,4,1,0.997,0.2,208,nsmallest,2108.96844,1.40731,1.0
2000-08-01/2022-12-31,4,2,1,0.997,0.2,208,nsmallest,2103.6119,1.40685,1.0
2000-08-01/2022-12-31,2,2,1,0.997,0.2,208,nsmallest,2102.81962,1.40683,1.0
2000-08-09/2022-12-31,4,5,1,0.997,0.2,208,nsmallest,2034.59578,1.40523,0.99
2000-08-09/2022-12-31,4,2,1,0.997,0.2,208,nsmallest,1966.67985,1.4031,0.99
2000-08-03/2022-12-31,3,4,1,0.997,0.2,208,nsmallest,1954.65717,1.40237,1.0
2000-08-03/2022-12-31,3,3,1,0.998,0.2,208,nsmallest,1892.21669,1.40034,0.99
2000-08-05/2022-12-31,2,6,1,0.997,0.2,208,nsmallest,1822.78803,1.39812,0.99
2000-08-01/2022-12-31,5,2,1,0.998,0.2,208,nsmallest,1750.20212,1.39536,1.0
2000-08-04/2022-12-31,3,2,1,0.999,0.2,208,nsmallest,1721.11786,1.39448,1.0
2000-08-01/2022-12-31,4,3,1,0.999,0.2,208,nsmallest,1718.98431,1.39424,1.0
2000-08-03/2022-12-31,3,2,1,0.997,0.2,208,nsmallest,1701.44653,1.39371,1.0
2000-08-05/2022-12-31,3,3,2,0.999,0.2,208,nsmallest,1693.67969,1.39354,1.0
2000-08-05/2022-12-31,2,3,2,0.999,0.2,208,nsmallest,1673.0431,1.39278,0.99
2000-08-02/2022-12-31,4,3,2,0.999,0.2,208,nsmallest,1627.12498,1.39088,0.99
2000-08-04/2022-12-31,2,5,1,0.998,0.2,208,nsmallest,1562.81352,1.38849,1.0
2000-08-01/2022-12-31,2,2,2,0.997,0.2,208,nsmallest,1522.8496,1.38672,1.0
2000-08-05/2022-12-31,2,2,2,0.997,0.2,208,nsmallest,1514.43031,1.3866,1.0
2000-08-04/2022-12-31,4,2,1,0.999,0.2,208,nsmallest,1502.64048,1.38606,0.98
2000-08-03/2022-12-31,3,3,1,0.997,0.2,208,nsmallest,1498.44856,1.38583,0.98
2000-08-08/2022-12-31,6,2,1,0.999,0.2,208,nsmallest,1485.87035,1.38559,0.99
2000-08-07/2022-12-31,6,2,1,0.999,0.2,208,nsmallest,1485.63006,1.38552,0.99
2000-08-06/2022-12-31,6,2,1,0.999,0.2,208,nsmallest,1485.63006,1.38547,0.99
2000-08-02/2022-12-31,4,3,1,0.999,0.2,208,nsmallest,1445.01826,1.38353,0.99
2000-08-04/2022-12-31,2,4,1,0.999,0.2,208,nsmallest,1410.23421,1.38214,0.99
2000-08-05/2022-12-31,3,3,1,0.997,0.2,208,nsmallest,1397.3325,1.38163,1.0
2000-08-03/2022-12-31,2,2,2,0.998,0.2,208,nsmallest,1396.69857,1.38149,1.0
2000-08-02/2022-12-31,4,2,1,0.998,0.2,208,nsmallest,1394.21285,1.38133,1.0
2000-08-09/2022-12-31,2,2,2,0.998,0.2,208,nsmallest,1368.036,1.38054,0.99
2000-08-03/2022-12-31,3,4,2,0.999,0.2,208,nsmallest,1368.16687,1.38022,1.0
2000-08-08/2022-12-31,5,2,1,0.999,0.2,208,nsmallest,1347.0312,1.37953,1.0
2000-08-08/2022-12-31,4,3,1,0.999,0.2,208,nsmallest,1346.88871,1.37953,0.99
2000-08-07/2022-12-31,4,3,1,0.999,0.2,208,nsmallest,1346.88871,1.37947,0.99
2000-08-06/2022-12-31,4,3,1,0.999,0.2,208,nsmallest,1346.88871,1.37942,0.99
2000-08-07/2022-12-31,5,2,1,0.999,0.2,208,nsmallest,1337.18153,1.37903,1.0
2000-08-06/2022-12-31,5,2,1,0.999,0.2,208,nsmallest,1337.18153,1.37897,1.0
2000-08-09/2022-12-31,2,6,1,0.998,0.2,208,nsmallest,1323.64543,1.37851,0.99
2000-08-04/2022-12-31,5,3,1,0.999,0.2,208,nsmallest,1291.58989,1.37673,0.99
2000-08-09/2022-12-31,2,6,1,0.997,0.2,208,nsmallest,1259.24336,1.37544,0.99
2000-08-08/2022-12-31,2,2,1,0.997,0.2,208,nsmallest,1229.45261,1.37392,1.0
2000-08-07/2022-12-31,2,2,1,0.997,0.2,208,nsmallest,1229.45261,1.37386,1.0
2000-08-06/2022-12-31,2,2,1,0.997,0.2,208,nsmallest,1229.45261,1.37381,1.0
2000-08-01/2022-12-31,5,2,1,0.997,0.2,208,nsmallest,1228.05673,1.37347,1.0
2000-08-02/2022-12-31,2,2,1,0.997,0.2,208,nsmallest,1224.54461,1.37335,1.0
2000-08-09/2022-12-31,4,5,1,0.999,0.2,208,nsmallest,1213.13697,1.37315,0.99
2000-08-03/2022-12-31,3,2,2,0.999,0.2,208,nsmallest,1217.96332,1.37308,1.0
2000-08-02/2022-12-31,4,3,2,0.998,0.2,208,nsmallest,1206.07701,1.37242,0.99
2000-08-04/2022-12-31,2,5,2,0.999,0.2,208,nsmallest,1203.40913,1.37239,1.0
2000-08-04/2022-12-31,3,2,1,0.998,0.2,208,nsmallest,1185.80707,1.37149,1.0
2000-08-04/2022-12-31,3,2,2,0.999,0.2,208,nsmallest,1159.44702,1.37011,1.0
2000-08-05/2022-12-31,2,3,2,0.998,0.2,208,nsmallest,1105.15874,1.36724,0.99
2000-08-02/2022-12-31,4,3,1,0.998,0.2,208,nsmallest,1098.48621,1.36671,0.99
2000-08-01/2022-12-31,2,4,1,0.999,0.2,208,nsmallest,1072.97208,1.36523,1.0
2000-08-03/2022-12-31,2,3,1,0.997,0.2,208,nsmallest,1060.79268,1.36464,1.0
2000-08-09/2022-12-31,4,3,1,0.999,0.2,208,nsmallest,1051.28023,1.3644,1.0
2000-08-08/2022-12-31,6,2,1,0.998,0.2,208,nsmallest,1047.82069,1.36415,0.99
2000-08-07/2022-12-31,6,2,1,0.998,0.2,208,nsmallest,1048.70099,1.36414,0.99
2000-08-06/2022-12-31,6,2,1,0.998,0.2,208,nsmallest,1048.70099,1.36409,0.99
2000-08-02/2022-12-31,2,3,1,0.999,0.2,208,nsmallest,1050.73067,1.364,1.0
2000-08-05/2022-12-31,3,3,2,0.998,0.2,208,nsmallest,1040.89054,1.36359,1.0
2000-08-09/2022-12-31,2,4,1,0.999,0.2,208,nsmallest,1036.58298,1.36354,1.0
2000-08-09/2022-12-31,2,3,1,0.999,0.2,208,nsmallest,1014.37962,1.36222,0.99
2000-08-07/2022-12-31,3,5,2,0.999,0.2,208,nsmallest,1003.12199,1.36144,1.0
2000-08-01/2022-12-31,4,3,1,0.998,0.2,208,nsmallest,1007.70205,1.36141,1.0
2000-08-06/2022-12-31,3,5,2,0.999,0.2,208,nsmallest,1003.12199,1.36139,1.0
2000-08-08/2022-12-31,3,5,2,0.999,0.2,208,nsmallest,995.56947,1.36103,1.0
2000-08-04/2022-12-31,2,5,1,0.997,0.2,208,nsmallest,976.8548,1.35968,1.0
2000-08-04/2022-12-31,4,2,1,0.998,0.2,208,nsmallest,961.28337,1.3587,0.98
2000-08-07/2022-12-31,4,3,1,0.998,0.2,208,nsmallest,939.08708,1.35744,1.0
2000-08-06/2022-12-31,4,3,1,0.998,0.2,208,nsmallest,939.08708,1.35739,1.0
2000-08-04/2022-12-31,3,7,1,0.997,0.2,208,nsmallest,935.19616,1.35703,0.96
2000-08-08/2022-12-31,4,4,1,0.999,0.2,208,nsmallest,930.90918,1.35696,1.0
2000-08-07/2022-12-31,4,4,1,0.999,0.2,208,nsmallest,930.90918,1.35691,1.0
2000-08-06/2022-12-31,4,4,1,0.999,0.2,208,nsmallest,930.90918,1.35686,1.0
2000-08-08/2022-12-31,2,2,2,0.999,0.2,208,nsmallest,917.40122,1.35607,1.0
2000-08-03/2022-12-31,3,4,2,0.998,0.2,208,nsmallest,920.71186,1.35604,1.0
2000-08-07/2022-12-31,2,2,2,0.999,0.2,208,nsmallest,917.40122,1.35602,1.0
2000-08-06/2022-12-31,2,2,2,0.999,0.2,208,nsmallest,917.40122,1.35597,1.0
2000-08-08/2022-12-31,4,3,1,0.998,0.2,208,nsmallest,912.25533,1.35573,0.99
2000-08-02/2022-12-31,2,2,2,0.999,0.2,208,nsmallest,913.73894,1.35553,1.0
2000-08-01/2022-12-31,3,4,1,0.999,0.2,208,nsmallest,914.02219,1.3555,1.0
2000-08-02/2022-12-31,6,7,1,0.999,0.2,208,nsmallest,913.28089,1.3555,0.94
2000-08-04/2022-12-31,2,5,2,0.998,0.2,208,nsmallest,905.26703,1.35507,1.0
2000-08-02/2022-12-31,4,2,1,0.997,0.2,208,nsmallest,900.9212,1.35467,1.0
2000-08-04/2022-12-31,3,7,1,0.998,0.2,208,nsmallest,897.49683,1.35454,0.97
2000-08-04/2022-12-31,3,7,1,0.999,0.2,208,nsmallest,894.0093,1.35431,0.97
2000-08-04/2022-12-31,7,2,1,0.999,0.2,208,nsmallest,890.26151,1.35405,0.94
2000-08-02/2022-12-31,4,3,2,0.997,0.2,208,nsmallest,878.40972,1.35315,0.99
2000-08-09/2022-12-31,4,5,1,0.998,0.2,208,nsmallest,862.15094,1.35237,0.99
2000-08-08/2022-12-31,5,2,1,0.998,0.2,208,nsmallest,856.15948,1.3519,1.0
2000-08-05/2022-12-31,2,4,2,0.999,0.2,208,nsmallest,851.48438,1.35142,0.98
2000-08-07/2022-12-31,5,2,1,0.998,0.2,208,nsmallest,849.89913,1.3514,0.99
2000-08-06/2022-12-31,5,2,1,0.998,0.2,208,nsmallest,849.89913,1.35135,0.99
2000-08-04/2022-12-31,5,3,1,0.998,0.2,208,nsmallest,824.73839,1.34944,0.99
2000-08-04/2022-12-31,3,3,1,0.999,0.2,208,nsmallest,796.72887,1.34736,0.99
2000-08-02/2022-12-31,4,3,1,0.997,0.2,208,nsmallest,779.86026,1.34598,0.99
2000-08-04/2022-12-31,2,4,1,0.998,0.2,208,nsmallest,750.61088,1.34378,0.99
2000-08-05/2022-12-31,6,3,1,0.999,0.2,208,nsmallest,735.34973,1.3426,0.98
2000-08-05/2022-12-31,2,3,2,0.997,0.2,208,nsmallest,724.39201,1.3417,0.99
2000-08-03/2022-12-31,2,2,2,0.997,0.2,208,nsmallest,722.72068,1.34147,1.0
2000-08-01/2022-12-31,2,4,1,0.998,0.2,208,nsmallest,717.74654,1.34096,1.0
2000-08-09/2022-12-31,2,2,2,0.997,0.2,208,nsmallest,707.52912,1.34048,0.99
2000-08-04/2022-12-31,5,4,1,0.999,0.2,208,nsmallest,704.43124,1.33998,1.0
2000-08-07/2022-12-31,3,2,1,0.999,0.2,208,nsmallest,698.1612,1.33959,1.0
2000-08-06/2022-12-31,3,2,1,0.999,0.2,208,nsmallest,698.1612,1.33954,1.0
2000-08-09/2022-12-31,2,4,1,0.998,0.2,208,nsmallest,693.40467,1.33928,1.0
2000-08-01/2022-12-31,3,2,1,0.999,0.2,208,nsmallest,695.37413,1.33906,1.0
2000-08-08/2022-12-31,2,5,1,0.998,0.2,208,nsmallest,690.27017,1.33896,1.0
2000-08-07/2022-12-31,2,5,1,0.998,0.2,208,nsmallest,690.27017,1.33891,1.0
2000-08-06/2022-12-31,2,5,1,0.998,0.2,208,nsmallest,690.27017,1.33886,1.0
2000-08-05/2022-12-31,2,6,2,0.999,0.2,208,nsmallest,684.62591,1.33832,0.99
2000-08-03/2022-12-31,3,2,2,0.998,0.2,208,nsmallest,684.53875,1.33822,1.0
2000-08-05/2022-12-31,3,3,2,0.997,0.2,208,nsmallest,680.35126,1.33795,1.0
2000-08-08/2022-12-31,3,2,1,0.999,0.2,208,nsmallest,678.25876,1.33791,0.99
2000-08-08/2022-12-31,5,2,1,0.997,0.2,208,nsmallest,677.20369,1.33782,0.99
2000-08-07/2022-12-31,5,2,1,0.997,0.2,208,nsmallest,672.25188,1.33733,0.99
2000-08-04/2022-12-31,5,3,1,0.997,0.2,208,nsmallest,673.90244,1.33733,0.99
2000-08-04/2022-12-31,3,2,2,0.998,0.2,208,nsmallest,673.67915,1.33731,1.0
2000-08-06/2022-12-31,5,2,1,0.997,0.2,208,nsmallest,672.25188,1.33728,0.99
2000-08-04/2022-12-31,2,5,2,0.997,0.2,208,nsmallest,672.83182,1.33724,1.0
2000-08-02/2022-12-31,2,3,1,0.998,0.2,208,nsmallest,671.63737,1.33704,1.0
2000-08-08/2022-12-31,2,5,1,0.999,0.2,208,nsmallest,659.68064,1.33625,0.99
2000-08-07/2022-12-31,2,5,1,0.999,0.2,208,nsmallest,659.68064,1.3362,0.99
2000-08-06/2022-12-31,2,5,1,0.999,0.2,208,nsmallest,659.68064,1.33616,0.99
2000-08-04/2022-12-31,3,2,1,0.997,0.2,208,nsmallest,659.82326,1.33607,1.0
2000-08-07/2022-12-31,3,5,2,0.998,0.2,208,nsmallest,653.75518,1.33566,1.0
2000-08-06/2022-12-31,3,5,2,0.998,0.2,208,nsmallest,653.75518,1.33562,1.0
2000-08-04/2022-12-31,3,3,2,0.999,0.2,208,nsmallest,653.35843,1.33549,1.0
2000-08-07/2022-12-31,6,2,1,0.997,0.2,208,nsmallest,649.54426,1.33528,0.99
2000-08-06/2022-12-31,6,2,1,0.997,0.2,208,nsmallest,649.54426,1.33523,0.99
2000-08-08/2022-12-31,6,2,1,0.997,0.2,208,nsmallest,648.34872,1.33522,0.99
2000-08-09/2022-12-31,2,3,1,0.998,0.2,208,nsmallest,647.75236,1.33521,0.99
2000-08-07/2022-12-31,5,4,1,0.999,0.2,208,nsmallest,645.59652,1.33492,0.99
2000-08-06/2022-12-31,5,4,1,0.999,0.2,208,nsmallest,645.59652,1.33487,0.99
2000-08-09/2022-12-31,4,3,1,0.998,0.2,208,nsmallest,640.74195,1.33456,1.0
2000-08-01/2022-12-31,4,3,1,0.997,0.2,208,nsmallest,644.6959,1.33455,1.0
2000-08-04/2022-12-31,4,2,1,0.997,0.2,208,nsmallest,642.9343,1.33453,0.98
2000-08-08/2022-12-31,5,4,1,0.999,0.2,208,nsmallest,636.07546,1.33408,0.99
2000-08-08/2022-12-31,3,5,2,0.998,0.2,208,nsmallest,633.37984,1.33382,1.0
2000-08-02/2022-12-31,5,2,1,0.999,0.2,208,nsmallest,631.7938,1.33339,0.99
2000-08-02/2022-12-31,6,7,1,0.998,0.2,208,nsmallest,622.95208,1.33256,0.94
2000-08-02/2022-12-31,2,3,2,0.999,0.2,208,nsmallest,611.70009,1.33147,1.0
2000-08-04/2022-12-31,7,2,1,0.998,0.2,208,nsmallest,604.99379,1.33091,0.95
2000-08-09/2022-12-31,2,3,2,0.999,0.2,208,nsmallest,599.26131,1.33058,0.99
2000-08-07/2022-12-31,4,3,1,0.997,0.2,208,nsmallest,594.05687,1.32997,1.0
2000-08-06/2022-12-31,4,3,1,0.997,0.2,208,nsmallest,594.05687,1.32992,1.0
2000-08-01/2022-12-31,2,4,1,0.997,0.2,208,nsmallest,592.32474,1.32952,1.0
2000-08-03/2022-12-31,3,4,2,0.997,0.2,208,nsmallest,589.97036,1.32937,1.0
2000-08-07/2022-12-31,3,5,2,0.997,0.2,208,nsmallest,586.92625,1.32925,1.0
2000-08-06/2022-12-31,3,5,2,0.997,0.2,208,nsmallest,586.92625,1.3292,1.0
2000-08-08/2022-12-31,4,3,1,0.997,0.2,208,nsmallest,576.50514,1.32823,0.99
2000-08-01/2022-12-31,5,5,1,0.999,0.2,208,nsmallest,578.81759,1.32815,0.98
2000-08-09/2022-12-31,2,4,1,0.997,0.2,208,nsmallest,572.23646,1.32784,1.0
2000-08-08/2022-12-31,3,5,2,0.997,0.2,208,nsmallest,568.06397,1.32736,1.0
2000-08-02/2022-12-31,3,2,1,0.999,0.2,208,nsmallest,565.40913,1.32681,1.0
2000-08-09/2022-12-31,3,2,1,0.999,0.2,208,nsmallest,562.21688,1.32679,1.0
2000-08-04/2022-12-31,5,4,1,0.998,0.2,208,nsmallest,552.3916,1.32552,1.0
2000-08-05/2022-12-31,6,3,1,0.998,0.2,208,nsmallest,550.96272,1.32541,0.98
2000-08-08/2022-12-31,2,4,2,0.999,0.2,208,nsmallest,544.77941,1.32488,1.0
2000-08-07/2022-12-31,2,4,2,0.999,0.2,208,nsmallest,544.77941,1.32483,1.0
2000-08-06/2022-12-31,2,4,2,0.999,0.2,208,nsmallest,544.77941,1.32479,1.0
2000-08-03/2022-12-31,3,3,2,0.999,0.2,208,nsmallest,530.49014,1.32308,0.99
2000-08-05/2022-12-31,4,6,1,0.999,0.2,208,nsmallest,515.68928,1.3215,0.98
2000-08-07/2022-12-31,4,4,1,0.998,0.2,208,nsmallest,513.3032,1.32132,1.0
2000-08-03/2022-12-31,5,3,1,0.999,0.2,208,nsmallest,514.87574,1.32132,1.0
2000-08-06/2022-12-31,4,4,1,0.998,0.2,208,nsmallest,513.3032,1.32127,1.0
2000-08-08/2022-12-31,4,4,1,0.998,0.2,208,nsmallest,510.97637,1.3211,1.0
2000-08-02/2022-12-31,5,6,1,0.999,0.2,208,nsmallest,512.05316,1.32095,1.0
2000-08-01/2022-12-31,3,4,1,0.998,0.2,208,nsmallest,511.09795,1.3208,1.0
2000-08-05/2022-12-31,2,4,2,0.998,0.2,208,nsmallest,506.69466,1.32047,0.98
2000-08-02/2022-12-31,2,3,1,0.997,0.2,208,nsmallest,506.56356,1.32032,1.0
2000-08-02/2022-12-31,5,2,1,0.998,0.2,208,nsmallest,493.84159,1.31882,0.99
2000-08-02/2022-12-31,3,2,2,0.999,0.2,208,nsmallest,491.56599,1.31855,1.0
2000-08-09/2022-12-31,3,2,2,0.999,0.2,208,nsmallest,488.79065,1.31852,1.0
2000-08-07/2022-12-31,3,3,1,0.999,0.2,208,nsmallest,489.40951,1.31851,1.0
2000-08-06/2022-12-31,3,3,1,0.999,0.2,208,nsmallest,489.40951,1.31847,1.0
2000-08-09/2022-12-31,2,3,1,0.997,0.2,208,nsmallest,488.05944,1.31844,0.99
2000-08-08/2022-12-31,6,2,2,0.999,0.2,208,nsmallest,487.05924,1.31827,0.99
2000-08-07/2022-12-31,6,2,2,0.999,0.2,208,nsmallest,486.7302,1.31819,0.99
2000-08-06/2022-12-31,6,2,2,0.999,0.2,208,nsmallest,486.7302,1.31814,0.99
2000-08-01/2022-12-31,2,4,2,0.999,0.2,208,nsmallest,488.47289,1.31813,1.0
2000-08-09/2022-12-31,2,4,2,0.999,0.2,208,nsmallest,481.22638,1.31761,1.0
2000-08-08/2022-12-31,3,3,1,0.999,0.2,208,nsmallest,475.16062,1.31682,1.0
2000-08-03/2022-12-31,3,2,2,0.997,0.2,208,nsmallest,474.83993,1.31656,1.0
2000-08-05/2022-12-31,4,2,1,0.999,0.2,208,nsmallest,473.1271,1.31643,1.0
2000-08-01/2022-12-31,4,2,2,0.999,0.2,208,nsmallest,472.7396,1.31621,1.0
2000-08-09/2022-12-31,2,5,1,0.999,0.2,208,nsmallest,469.45094,1.31615,0.99
2000-08-09/2022-12-31,4,2,2,0.999,0.2,208,nsmallest,457.93946,1.31469,0.99
2000-08-04/2022-12-31,7,2,1,0.997,0.2,208,nsmallest,459.13697,1.31462,0.94
2000-08-08/2022-12-31,2,6,1,0.999,0.2,208,nsmallest,457.74024,1.31462,0.97
2000-08-07/2022-12-31,2,6,1,0.999,0.2,208,nsmallest,457.74024,1.31458,0.97
2000-08-04/2022-12-31,3,3,1,0.998,0.2,208,nsmallest,458.67326,1.31457,0.99
2000-08-06/2022-12-31,2,6,1,0.999,0.2,208,nsmallest,457.74024,1.31453,0.97
2000-08-04/2022-12-31,4,2,2,0.999,0.2,208,nsmallest,454.64826,1.31405,0.99
2000-08-05/2022-12-31,2,6,2,0.998,0.2,208,nsmallest,451.61129,1.3137,0.99
2000-08-07/2022-12-31,5,4,1,0.998,0.2,208,nsmallest,442.56437,1.3126,0.99
2000-08-06/2022-12-31,5,4,1,0.998,0.2,208,nsmallest,442.56437,1.31256,0.99
2000-08-02/2022-12-31,3,2,1,0.998,0.2,208,nsmallest,440.87414,1.31216,1.0
2000-08-09/2022-12-31,3,5,1,0.999,0.2,208,nsmallest,437.65696,1.31203,1.0
2000-08-07/2022-12-31,3,2,1,0.998,0.2,208,nsmallest,438.03185,1.312,1.0
2000-08-06/2022-12-31,3,2,1,0.998,0.2,208,nsmallest,438.03185,1.31195,1.0
2000-08-08/2022-12-31,5,4,1,0.998,0.2,208,nsmallest,435.60109,1.31172,0.99
2000-08-02/2022-12-31,6,7,1,0.997,0.2,208,nsmallest,437.49488,1.31171,0.94
2000-08-01/2022-12-31,3,2,1,0.998,0.2,208,nsmallest,436.28322,1.3115,1.0
2000-08-01/2022-12-31,4,5,1,0.999,0.2,208,nsmallest,434.07258,1.31121,0.99
2000-08-09/2022-12-31,3,2,1,0.998,0.2,208,nsmallest,430.12068,1.31102,1.0
2000-08-05/2022-12-31,6,3,1,0.997,0.2,208,nsmallest,428.11961,1.31057,0.98
2000-08-04/2022-12-31,3,2,2,0.997,0.2,208,nsmallest,426.77243,1.31034,0.99
2000-08-08/2022-12-31,3,2,1,0.998,0.2,208,nsmallest,425.11893,1.31029,0.99
2000-08-04/2022-12-31,2,4,1,0.997,0.2,208,nsmallest,420.55301,1.30948,0.99
2000-08-08/2022-12-31,5,2,2,0.999,0.2,208,nsmallest,412.69807,1.30856,1.0
2000-08-04/2022-12-31,2,3,1,0.999,0.2,208,nsmallest,410.80141,1.30811,0.99
2000-08-06/2022-12-31,5,2,2,0.999,0.2,208,nsmallest,409.00073,1.30794,1.0
2000-08-07/2022-12-31,5,2,2,0.999,0.2,208,nsmallest,408.15364,1.30787,1.0
2000-08-05/2022-12-31,3,10,1,0.999,0.2,208,nsmallest,408.2998,1.3078,0.89
2000-08-04/2022-12-31,5,4,1,0.997,0.2,208,nsmallest,406.02957,1.30743,1.0
2000-08-04/2022-12-31,2,4,2,0.999,0.2,208,nsmallest,404.44374,1.3072,1.0
2000-08-03/2022-12-31,7,10,1,0.999,0.2,208,nsmallest,393.9593,1.30563,0.94
2000-08-01/2022-12-31,5,5,1,0.998,0.2,208,nsmallest,393.28869,1.30545,0.98
2000-08-05/2022-12-31,2,4,2,0.997,0.2,208,nsmallest,392.10177,1.30544,0.99
2000-08-04/2022-12-31,3,4,1,0.999,0.2,208,nsmallest,391.70265,1.30534,1.0
2000-08-02/2022-12-31,2,3,2,0.998,0.2,208,nsmallest,390.73649,1.30511,1.0
2000-08-05/2022-12-31,4,6,1,0.998,0.2,208,nsmallest,385.78079,1.30449,0.98
2000-08-09/2022-12-31,2,3,2,0.998,0.2,208,nsmallest,382.59644,1.30418,0.99
2000-08-09/2022-12-31,4,3,1,0.997,0.2,208,nsmallest,380.5402,1.30387,1.0
2000-08-08/2022-12-31,2,2,2,0.998,0.2,208,nsmallest,376.91293,1.30327,1.0
2000-08-07/2022-12-31,2,2,2,0.998,0.2,208,nsmallest,376.91293,1.30322,1.0
2000-08-06/2022-12-31,2,2,2,0.998,0.2,208,nsmallest,376.91293,1.30318,1.0
2000-08-07/2022-12-31,4,4,1,0.997,0.2,208,nsmallest,376.46795,1.30316,1.0
2000-08-06/2022-12-31,4,4,1,0.997,0.2,208,nsmallest,376.46795,1.30311,1.0
2000-08-08/2022-12-31,4,4,1,0.997,0.2,208,nsmallest,374.38589,1.30288,1.0
2000-08-02/2022-12-31,2,2,2,0.998,0.2,208,nsmallest,375.40829,1.30278,1.0
2000-08-08/2022-12-31,2,6,1,0.998,0.2,208,nsmallest,372.54735,1.30259,0.96
2000-08-07/2022-12-31,2,6,1,0.998,0.2,208,nsmallest,372.54735,1.30255,0.96
2000-08-06/2022-12-31,2,6,1,0.998,0.2,208,nsmallest,372.54735,1.3025,0.96
2000-08-02/2022-12-31,6,3,1,0.999,0.2,208,nsmallest,371.8877,1.30223,1.0
2000-08-08/2022-12-31,2,5,1,0.997,0.2,208,nsmallest,368.28944,1.30192,0.99
2000-08-07/2022-12-31,2,5,1,0.997,0.2,208,nsmallest,368.28944,1.30188,0.99
2000-08-06/2022-12-31,2,5,1,0.997,0.2,208,nsmallest,368.28944,1.30184,0.99
2000-08-08/2022-12-31,6,2,2,0.998,0.2,208,nsmallest,365.39498,1.30146,0.99
2000-08-07/2022-12-31,6,2,2,0.998,0.2,208,nsmallest,365.51401,1.30144,0.99
2000-08-06/2022-12-31,6,2,2,0.998,0.2,208,nsmallest,365.51401,1.3014,0.99
2000-08-04/2022-12-31,3,3,2,0.998,0.2,208,nsmallest,365.88171,1.30137,1.0
2000-08-03/2022-12-31,4,3,1,0.999,0.2,208,nsmallest,365.37163,1.30125,1.0
2000-08-05/2022-12-31,4,4,2,0.999,0.2,208,nsmallest,362.08449,1.30081,0.99
2000-08-03/2022-12-31,2,3,2,0.999,0.2,208,nsmallest,362.20773,1.30074,1.0
2000-08-07/2022-12-31,5,4,1,0.997,0.2,208,nsmallest,360.60704,1.30065,0.99
2000-08-03/2022-12-31,2,7,1,0.999,0.2,208,nsmallest,361.46896,1.30063,0.92
2000-08-06/2022-12-31,5,4,1,0.997,0.2,208,nsmallest,360.60704,1.30061,0.99
2000-08-02/2022-12-31,5,2,1,0.997,0.2,208,nsmallest,361.13185,1.30053,0.99
2000-08-03/2022-12-31,7,10,1,0.998,0.2,208,nsmallest,360.51377,1.30047,0.94
2000-08-08/2022-12-31,5,4,1,0.997,0.2,208,nsmallest,354.57763,1.29972,0.99
2000-08-07/2022-12-31,3,3,1,0.998,0.2,208,nsmallest,353.47139,1.29949,1.0
2000-08-03/2022-12-31,7,10,1,0.997,0.2,208,nsmallest,354.36699,1.29947,0.94
2000-08-06/2022-12-31,3,3,1,0.998,0.2,208,nsmallest,353.47139,1.29945,1.0
2000-08-01/2022-12-31,5,2,2,0.999,0.2,208,nsmallest,350.74413,1.2988,1.0
2000-08-04/2022-12-31,4,2,2,0.998,0.2,208,nsmallest,349.88601,1.29878,0.98
2000-08-02/2022-12-31,5,6,1,0.998,0.2,208,nsmallest,347.89564,1.29836,1.0
2000-08-08/2022-12-31,4,6,1,0.997,0.2,208,nsmallest,344.49562,1.29804,0.99
2000-08-07/2022-12-31,4,6,1,0.997,0.2,208,nsmallest,344.49562,1.298,0.99
2000-08-06/2022-12-31,4,6,1,0.997,0.2,208,nsmallest,344.49562,1.29796,0.99
2000-08-08/2022-12-31,3,3,1,0.998,0.2,208,nsmallest,342.83674,1.29776,1.0
2000-08-05/2022-12-31,2,6,2,0.997,0.2,208,nsmallest,341.4701,1.29741,0.99
2000-08-03/2022-12-31,5,2,1,0.999,0.2,208,nsmallest,335.63928,1.29633,0.99
2000-08-08/2022-12-31,2,4,2,0.998,0.2,208,nsmallest,333.70859,1.2962,1.0
2000-08-07/2022-12-31,2,4,2,0.998,0.2,208,nsmallest,333.70859,1.29616,1.0
2000-08-06/2022-12-31,2,4,2,0.998,0.2,208,nsmallest,333.70859,1.29612,1.0
2000-08-08/2022-12-31,4,4,2,0.999,0.2,208,nsmallest,327.38501,1.29509,1.0
2000-08-07/2022-12-31,4,4,2,0.999,0.2,208,nsmallest,327.38501,1.29505,1.0
2000-08-06/2022-12-31,4,4,2,0.999,0.2,208,nsmallest,327.38501,1.29501,1.0
2000-08-05/2022-12-31,2,5,1,0.999,0.2,208,nsmallest,323.20439,1.29423,0.98
2000-08-01/2022-12-31,4,7,1,0.999,0.2,208,nsmallest,323.68712,1.29415,0.97
2000-08-03/2022-12-31,5,3,1,0.998,0.2,208,nsmallest,322.65309,1.29405,1.0
2000-08-09/2022-12-31,2,5,2,0.999,0.2,208,nsmallest,320.83884,1.29397,0.99
2000-08-04/2022-12-31,3,5,1,0.999,0.2,208,nsmallest,317.69593,1.2932,0.98
2000-08-09/2022-12-31,3,5,1,0.997,0.2,208,nsmallest,316.62022,1.2932,1.0
2000-08-04/2022-12-31,7,4,1,0.999,0.2,208,nsmallest,317.26989,1.29312,1.0
2000-08-01/2022-12-31,3,4,1,0.997,0.2,208,nsmallest,317.56619,1.29305,1.0
2000-08-04/2022-12-31,2,3,1,0.998,0.2,208,nsmallest,311.9246,1.29214,0.98
2000-08-02/2022-12-31,3,2,2,0.998,0.2,208,nsmallest,310.05847,1.29171,1.0
2000-08-07/2022-12-31,3,2,1,0.997,0.2,208,nsmallest,308.87512,1.29169,1.0
2000-08-06/2022-12-31,3,2,1,0.997,0.2,208,nsmallest,308.87512,1.29165,1.0
2000-08-03/2022-12-31,4,7,1,0.999,0.2,208,nsmallest,307.4169,1.29126,1.0
2000-08-01/2022-12-31,3,2,1,0.997,0.2,208,nsmallest,307.64208,1.29122,0.99
2000-08-01/2022-12-31,2,4,2,0.998,0.2,208,nsmallest,307.16195,1.29113,1.0
2000-08-09/2022-12-31,3,2,2,0.998,0.2,208,nsmallest,305.37418,1.29112,1.0
2000-08-03/2022-12-31,4,6,1,0.999,0.2,208,nsmallest,305.27503,1.29086,0.96
2000-08-05/2022-12-31,4,5,1,0.999,0.2,208,nsmallest,304.5057,1.29079,0.99
2000-08-05/2022-12-31,4,6,1,0.997,0.2,208,nsmallest,303.86608,1.29067,0.97
2000-08-09/2022-12-31,2,5,1,0.998,0.2,208,nsmallest,302.90875,1.29065,0.98
2000-08-09/2022-12-31,2,4,2,0.998,0.2,208,nsmallest,302.75373,1.29062,1.0
2000-08-08/2022-12-31,3,2,1,0.997,0.2,208,nsmallest,299.46929,1.28995,0.99
2000-08-03/2022-12-31,3,3,2,0.998,0.2,208,nsmallest,297.13232,1.2893,0.99
2000-08-02/2022-12-31,4,2,2,0.999,0.2,208,nsmallest,296.37481,1.28911,1.0
2000-08-04/2022-12-31,3,3,1,0.997,0.2,208,nsmallest,295.87685,1.2891,0.99
2000-08-08/2022-12-31,2,10,1,0.999,0.2,208,nsmallest,294.79191,1.28904,1.0
2000-08-07/2022-12-31,2,10,1,0.999,0.2,208,nsmallest,294.79191,1.289,1.0
2000-08-06/2022-12-31,2,10,1,0.999,0.2,208,nsmallest,294.79191,1.28896,1.0
2000-08-01/2022-12-31,4,5,1,0.998,0.2,208,nsmallest,295.24771,1.28885,0.99
2000-08-03/2022-12-31,3,6,1,0.999,0.2,208,nsmallest,293.38355,1.28857,0.99
2000-08-05/2022-12-31,4,2,1,0.998,0.2,208,nsmallest,291.69006,1.28832,1.0
2000-08-05/2022-12-31,4,2,2,0.999,0.2,208,nsmallest,291.01188,1.28818,1.0
2000-08-02/2022-12-31,3,3,1,0.999,0.2,208,nsmallest,290.86216,1.28803,1.0
2000-08-09/2022-12-31,3,5,1,0.998,0.2,208,nsmallest,288.46473,1.28784,1.0
2000-08-05/2022-12-31,3,10,1,0.998,0.2,208,nsmallest,287.36428,1.28746,0.85
2000-08-02/2022-12-31,2,3,2,0.997,0.2,208,nsmallest,286.43365,1.28715,1.0
2000-08-05/2022-12-31,3,4,1,0.998,0.2,208,nsmallest,283.3533,1.28665,1.0
2000-08-09/2022-12-31,2,3,2,0.997,0.2,208,nsmallest,280.32377,1.28619,0.99
2000-08-02/2022-12-31,5,6,1,0.997,0.2,208,nsmallest,280.6434,1.28598,1.0
2000-08-01/2022-12-31,4,2,2,0.998,0.2,208,nsmallest,276.97006,1.28518,1.0
2000-08-02/2022-12-31,4,6,1,0.999,0.2,208,nsmallest,276.67123,1.28516,1.0
2000-08-08/2022-12-31,4,3,2,0.999,0.2,208,nsmallest,274.12552,1.28487,0.99
2000-08-07/2022-12-31,4,3,2,0.999,0.2,208,nsmallest,274.12552,1.28483,0.99
2000-08-06/2022-12-31,4,3,2,0.999,0.2,208,nsmallest,274.12552,1.28479,0.99
2000-08-03/2022-12-31,6,3,1,0.999,0.2,208,nsmallest,274.25834,1.2847,1.0
2000-08-05/2022-12-31,3,2,1,0.999,0.2,208,nsmallest,273.84337,1.28469,1.0
2000-08-04/2022-12-31,2,3,2,0.999,0.2,208,nsmallest,272.93918,1.28446,1.0
2000-08-04/2022-12-31,3,7,2,0.999,0.2,208,nsmallest,271.7314,1.28421,0.96
2000-08-07/2022-12-31,3,2,2,0.999,0.2,208,nsmallest,268.89904,1.28372,1.0
2000-08-09/2022-12-31,4,2,2,0.998,0.2,208,nsmallest,268.4284,1.2837,0.99
2000-08-06/2022-12-31,3,2,2,0.999,0.2,208,nsmallest,268.89904,1.28369,1.0
2000-08-01/2022-12-31,3,2,2,0.999,0.2,208,nsmallest,267.82559,1.28326,1.0
2000-08-08/2022-12-31,3,2,2,0.999,0.2,208,nsmallest,265.01087,1.28293,0.99
2000-08-05/2022-12-31,2,5,1,0.998,0.2,208,nsmallest,264.08182,1.28261,0.97
2000-08-01/2022-12-31,3,4,2,0.999,0.2,208,nsmallest,263.82731,1.2824,1.0
2000-08-05/2022-12-31,3,4,2,0.999,0.2,208,nsmallest,262.61011,1.28229,1.0
2000-08-05/2022-12-31,3,4,2,0.998,0.2,208,nsmallest,261.28025,1.282,1.0
2000-08-08/2022-12-31,2,3,2,0.999,0.2,208,nsmallest,259.96923,1.28183,0.99
2000-08-07/2022-12-31,2,3,2,0.999,0.2,208,nsmallest,259.96923,1.28179,0.99
2000-08-06/2022-12-31,2,3,2,0.999,0.2,208,nsmallest,259.96923,1.28175,0.99
2000-08-03/2022-12-31,2,3,2,0.998,0.2,208,nsmallest,260.50635,1.28175,1.0
2000-08-03/2022-12-31,4,3,1,0.998,0.2,208,nsmallest,260.19135,1.28168,1.0
2000-08-01/2022-12-31,2,3,2,0.999,0.2,208,nsmallest,258.6725,1.28127,0.99
2000-08-08/2022-12-31,5,2,2,0.998,0.2,208,nsmallest,256.84832,1.28114,1.0
2000-08-04/2022-12-31,3,3,2,0.997,0.2,208,nsmallest,256.78485,1.28097,1.0
2000-08-05/2022-12-31,4,2,1,0.997,0.2,208,nsmallest,256.57377,1.28096,1.0
2000-08-01/2022-12-31,5,2,2,0.998,0.2,208,nsmallest,256.96302,1.28089,1.0
2000-08-06/2022-12-31,5,2,2,0.998,0.2,208,nsmallest,254.42004,1.28052,1.0
2000-08-07/2022-12-31,5,2,2,0.998,0.2,208,nsmallest,254.02005,1.28047,1.0
2000-08-02/2022-12-31,5,5,1,0.999,0.2,208,nsmallest,254.28886,1.28033,0.99
2000-08-01/2022-12-31,4,7,1,0.998,0.2,208,nsmallest,253.11417,1.28003,0.97
2000-08-01/2022-12-31,7,5,1,0.999,0.2,208,nsmallest,252.66496,1.27993,0.97
2000-08-02/2022-12-31,6,3,1,0.998,0.2,208,nsmallest,248.47054,1.27901,1.0
2000-08-09/2022-12-31,7,3,1,0.999,0.2,208,nsmallest,246.47039,1.27882,0.99
2000-08-04/2022-12-31,4,4,1,0.999,0.2,208,nsmallest,245.78665,1.27847,0.97
2000-08-01/2022-12-31,4,3,2,0.999,0.2,208,nsmallest,246.16299,1.27844,1.0
2000-08-04/2022-12-31,3,4,1,0.998,0.2,208,nsmallest,245.58004,1.27842,1.0
2000-08-02/2022-12-31,5,5,1,0.998,0.2,208,nsmallest,245.82678,1.2784,0.99
2000-08-01/2022-12-31,5,5,1,0.997,0.2,208,nsmallest,245.71728,1.27834,0.98
2000-08-03/2022-12-31,6,2,1,0.999,0.2,208,nsmallest,245.01109,1.27825,0.98
2000-08-04/2022-12-31,3,7,2,0.997,0.2,208,nsmallest,243.07363,1.27784,0.96
2000-08-03/2022-12-31,4,3,1,0.997,0.2,208,nsmallest,242.29378,1.27761,1.0
2000-08-01/2022-12-31,7,6,1,0.999,0.2,208,nsmallest,242.24907,1.27753,0.95
2000-08-05/2022-12-31,3,4,1,0.999,0.2,208,nsmallest,240.9625,1.27738,1.0
2000-08-02/2022-12-31,3,6,2,0.999,0.2,208,nsmallest,241.23621,1.27733,0.99
2000-08-03/2022-12-31,2,7,1,0.998,0.2,208,nsmallest,240.70099,1.27724,0.91
2000-08-01/2022-12-31,2,4,2,0.997,0.2,208,nsmallest,241.02734,1.27724,1.0
2000-08-08/2022-12-31,4,6,1,0.999,0.2,208,nsmallest,238.06966,1.2768,0.99
2000-08-07/2022-12-31,4,6,1,0.999,0.2,208,nsmallest,238.06966,1.27676,0.99
2000-08-09/2022-12-31,2,4,2,0.997,0.2,208,nsmallest,237.68492,1.27675,1.0
2000-08-06/2022-12-31,4,6,1,0.999,0.2,208,nsmallest,238.06966,1.27673,0.99
2000-08-08/2022-12-31,2,6,1,0.997,0.2,208,nsmallest,237.76991,1.27673,0.96
2000-08-03/2022-12-31,4,6,1,0.997,0.2,208,nsmallest,238.42643,1.2767,0.96
2000-08-07/2022-12-31,2,6,1,0.997,0.2,208,nsmallest,237.76991,1.27669,0.96
2000-08-06/2022-12-31,2,6,1,0.997,0.2,208,nsmallest,237.76991,1.27665,0.96
2000-08-04/2022-12-31,2,4,2,0.998,0.2,208,nsmallest,237.72912,1.27657,1.0
2000-08-03/2022-12-31,3,6,1,0.998,0.2,208,nsmallest,237.58518,1.2765,0.99
2000-08-03/2022-12-31,5,2,1,0.998,0.2,208,nsmallest,237.15373,1.27639,0.99
2000-08-09/2022-12-31,2,5,1,0.997,0.2,208,nsmallest,235.98497,1.27634,0.98
2000-08-08/2022-12-31,2,10,1,0.998,0.2,208,nsmallest,235.77045,1.27625,1.0
2000-08-07/2022-12-31,2,10,1,0.998,0.2,208,nsmallest,235.77045,1.27621,1.0
2000-08-06/2022-12-31,2,10,1,0.998,0.2,208,nsmallest,235.77045,1.27617,1.0
2000-08-05/2022-12-31,3,4,1,0.997,0.2,208,nsmallest,235.58743,1.27609,1.0
2000-08-07/2022-12-31,6,2,2,0.997,0.2,208,nsmallest,234.89821,1.276,0.99
2000-08-08/2022-12-31,6,2,2,0.997,0.2,208,nsmallest,234.58642,1.27596,0.99
2000-08-06/2022-12-31,6,2,2,0.997,0.2,208,nsmallest,234.89821,1.27596,0.99
2000-08-09/2022-12-31,4,5,2,0.997,0.2,208,nsmallest,233.18614,1.27566,0.99
2000-08-08/2022-12-31,2,2,2,0.997,0.2,208,nsmallest,231.30238,1.27516,1.0
2000-08-07/2022-12-31,2,2,2,0.997,0.2,208,nsmallest,231.30238,1.27512,1.0
2000-08-06/2022-12-31,2,2,2,0.997,0.2,208,nsmallest,231.30238,1.27508,1.0
2000-08-04/2022-12-31,6,3,1,0.999,0.2,208,nsmallest,231.23978,1.27499,0.98
2000-08-05/2022-12-31,6,2,1,0.999,0.2,208,nsmallest,231.04147,1.27498,1.0
2000-08-03/2022-12-31,5,3,1,0.997,0.2,208,nsmallest,230.53493,1.27478,0.99
2000-08-03/2022-12-31,5,2,1,0.997,0.2,208,nsmallest,230.26673,1.27471,0.99
2000-08-02/2022-12-31,2,2,2,0.997,0.2,208,nsmallest,230.37902,1.2747,0.99
2000-08-05/2022-12-31,3,10,1,0.997,0.2,208,nsmallest,229.61203,1.27463,0.83
2000-08-09/2022-12-31,4,5,2,0.999,0.2,208,nsmallest,228.72587,1.27456,0.99
2000-08-04/2022-12-31,4,2,2,0.997,0.2,208,nsmallest,227.61013,1.27409,0.98
2000-08-05/2022-12-31,4,4,2,0.998,0.2,208,nsmallest,226.24587,1.27379,0.99
2000-08-03/2022-12-31,2,5,1,0.999,0.2,208,nsmallest,222.86112,1.27286,0.98
2000-08-02/2022-12-31,3,2,1,0.997,0.2,208,nsmallest,221.64057,1.27251,1.0
2000-08-03/2022-12-31,4,7,1,0.998,0.2,208,nsmallest,221.02472,1.27239,1.0
2000-08-04/2022-12-31,7,4,1,0.998,0.2,208,nsmallest,220.21444,1.27222,1.0
2000-08-01/2022-12-31,6,5,1,0.999,0.2,208,nsmallest,218.29704,1.27161,0.99
2000-08-03/2022-12-31,7,3,1,0.999,0.2,208,nsmallest,217.86487,1.27157,0.98
2000-08-09/2022-12-31,3,2,1,0.997,0.2,208,nsmallest,216.01781,1.27131,1.0
2000-08-01/2022-12-31,4,2,2,0.997,0.2,208,nsmallest,216.69722,1.27119,1.0
2000-08-04/2022-12-31,3,7,2,0.998,0.2,208,nsmallest,216.11617,1.27115,0.96
2000-08-02/2022-12-31,3,3,2,0.999,0.2,208,nsmallest,215.39081,1.27088,1.0
2000-08-07/2022-12-31,3,6,1,0.999,0.2,208,nsmallest,214.44215,1.27082,1.0
2000-08-06/2022-12-31,3,6,1,0.999,0.2,208,nsmallest,214.44215,1.27078,1.0
2000-08-02/2022-12-31,4,6,1,0.998,0.2,208,nsmallest,214.43175,1.27063,1.0
2000-08-03/2022-12-31,4,6,1,0.998,0.2,208,nsmallest,213.82367,1.27051,0.96
2000-08-08/2022-12-31,3,6,1,0.999,0.2,208,nsmallest,210.83588,1.2699,1.0
2000-08-08/2022-12-31,4,6,1,0.998,0.2,208,nsmallest,210.80489,1.26989,0.99
2000-08-07/2022-12-31,4,6,1,0.998,0.2,208,nsmallest,210.80489,1.26985,0.99
2000-08-06/2022-12-31,4,6,1,0.998,0.2,208,nsmallest,210.80489,1.26981,0.99
2000-08-09/2022-12-31,4,2,2,0.997,0.2,208,nsmallest,210.11577,1.26974,0.99
2000-08-09/2022-12-31,4,7,1,0.999,0.2,208,nsmallest,209.94123,1.26969,0.99
2000-08-07/2022-12-31,4,4,2,0.998,0.2,208,nsmallest,209.91875,1.26961,1.0
2000-08-06/2022-12-31,4,4,2,0.998,0.2,208,nsmallest,209.91875,1.26957,1.0
2000-08-08/2022-12-31,4,4,2,0.998,0.2,208,nsmallest,209.44188,1.26952,1.0
2000-08-07/2022-12-31,5,3,1,0.999,0.2,208,nsmallest,208.39444,1.2692,1.0
2000-08-08/2022-12-31,5,3,1,0.999,0.2,208,nsmallest,208.18604,1.26918,1.0
2000-08-06/2022-12-31,5,3,1,0.999,0.2,208,nsmallest,208.39444,1.26916,1.0
2000-08-07/2022-12-31,3,3,1,0.997,0.2,208,nsmallest,208.23015,1.26915,1.0
2000-08-06/2022-12-31,3,3,1,0.997,0.2,208,nsmallest,208.23015,1.26912,1.0
2000-08-01/2022-12-31,4,5,1,0.997,0.2,208,nsmallest,206.94447,1.26858,0.99
2000-08-03/2022-12-31,3,3,2,0.997,0.2,208,nsmallest,203.21254,1.26762,0.98
2000-08-08/2022-12-31,3,3,1,0.997,0.2,208,nsmallest,201.7629,1.2674,1.0
2000-08-09/2022-12-31,4,6,1,0.999,0.2,208,nsmallest,201.53794,1.26738,1.0
2000-08-02/2022-12-31,3,3,1,0.998,0.2,208,nsmallest,201.00138,1.26697,1.0
2000-08-03/2022-12-31,4,4,1,0.999,0.2,208,nsmallest,198.4571,1.26629,0.97
2000-08-09/2022-12-31,2,7,1,0.999,0.2,208,nsmallest,197.66497,1.26628,1.0
2000-08-09/2022-12-31,2,5,2,0.998,0.2,208,nsmallest,197.48308,1.26623,0.99
2000-08-07/2022-12-31,3,4,1,0.999,0.2,208,nsmallest,197.69914,1.26622,1.0
2000-08-06/2022-12-31,3,4,1,0.999,0.2,208,nsmallest,197.69914,1.26618,1.0
2000-08-09/2022-12-31,5,7,1,0.999,0.2,208,nsmallest,195.62903,1.26569,0.99
2000-08-05/2022-12-31,4,5,1,0.998,0.2,208,nsmallest,192.34319,1.26459,0.99
2000-08-08/2022-12-31,2,3,1,0.999,0.2,208,nsmallest,191.39278,1.26442,0.99
2000-08-07/2022-12-31,2,3,1,0.999,0.2,208,nsmallest,191.39278,1.26438,0.99
2000-08-06/2022-12-31,2,3,1,0.999,0.2,208,nsmallest,191.39278,1.26435,0.99
2000-08-08/2022-12-31,6,6,1,0.999,0.2,208,nsmallest,190.67977,1.26421,0.99
2000-08-04/2022-12-31,3,4,1,0.997,0.2,208,nsmallest,191.15621,1.26421,1.0
2000-08-07/2022-12-31,6,6,1,0.999,0.2,208,nsmallest,190.67977,1.26417,0.99
2000-08-06/2022-12-31,6,6,1,0.999,0.2,208,nsmallest,190.67977,1.26414,0.99
2000-08-08/2022-12-31,3,4,1,0.999,0.2,208,nsmallest,190.04162,1.26402,0.99
2000-08-03/2022-12-31,3,6,1,0.997,0.2,208,nsmallest,190.56788,1.264,0.99
2000-08-01/2022-12-31,2,3,1,0.999,0.2,208,nsmallest,190.43811,1.26389,0.99
2000-08-03/2022-12-31,4,2,1,0.999,0.2,208,nsmallest,190.15185,1.26387,0.98
2000-08-07/2022-12-31,4,3,2,0.998,0.2,208,nsmallest,188.68741,1.26358,0.99
2000-08-05/2022-12-31,2,5,1,0.997,0.2,208,nsmallest,188.8225,1.26355,0.97
2000-08-06/2022-12-31,4,3,2,0.998,0.2,208,nsmallest,188.68741,1.26354,0.99
2000-08-01/2022-12-31,2,10,1,0.997,0.2,208,nsmallest,188.2563,1.26324,1.0
2000-08-02/2022-12-31,7,4,1,0.999,0.2,208,nsmallest,188.00428,1.2632,0.99
2000-08-03/2022-12-31,5,3,2,0.999,0.2,208,nsmallest,187.00543,1.26293,1.0
2000-08-08/2022-12-31,4,3,2,0.998,0.2,208,nsmallest,185.95274,1.26279,0.98
2000-08-01/2022-12-31,6,2,1,0.999,0.2,208,nsmallest,186.60985,1.26274,0.98
2000-08-09/2022-12-31,2,7,2,0.999,0.2,208,nsmallest,185.49606,1.26269,0.99
2000-08-07/2022-12-31,3,2,2,0.998,0.2,208,nsmallest,183.22921,1.26193,1.0
2000-08-06/2022-12-31,3,2,2,0.998,0.2,208,nsmallest,183.22921,1.26189,1.0
2000-08-05/2022-12-31,3,4,2,0.997,0.2,208,nsmallest,182.95104,1.26177,1.0
2000-08-08/2022-12-31,5,2,2,0.997,0.2,208,nsmallest,182.53468,1.26175,1.0
2000-08-01/2022-12-31,7,6,1,0.998,0.2,208,nsmallest,182.94943,1.26163,0.95
2000-08-01/2022-12-31,3,2,2,0.998,0.2,208,nsmallest,182.49776,1.26149,1.0
2000-08-08/2022-12-31,4,2,1,0.999,0.2,208,nsmallest,181.46702,1.26142,1.0
2000-08-07/2022-12-31,4,2,1,0.999,0.2,208,nsmallest,181.46702,1.26138,1.0
2000-08-06/2022-12-31,4,2,1,0.999,0.2,208,nsmallest,181.46702,1.26135,1.0
2000-08-04/2022-12-31,3,5,1,0.998,0.2,208,nsmallest,181.50624,1.26129,0.98
2000-08-05/2022-12-31,4,4,2,0.997,0.2,208,nsmallest,181.32792,1.26127,0.98
2000-08-06/2022-12-31,5,2,2,0.997,0.2,208,nsmallest,180.71858,1.26111,1.0
2000-08-07/2022-12-31,5,2,2,0.997,0.2,208,nsmallest,180.5248,1.26109,1.0
2000-08-02/2022-12-31,3,4,2,0.999,0.2,208,nsmallest,180.68147,1.26096,1.0
2000-08-05/2022-12-31,5,3,1,0.999,0.2,208,nsmallest,180.27717,1.26094,1.0
2000-08-09/2022-12-31,7,3,1,0.998,0.2,208,nsmallest,179.23537,1.26076,0.99
2000-08-02/2022-12-31,3,2,2,0.997,0.2,208,nsmallest,179.73688,1.26066,1.0
2000-08-09/2022-12-31,5,3,1,0.999,0.2,208,nsmallest,178.78303,1.26061,0.99
2000-08-08/2022-12-31,3,2,2,0.998,0.2,208,nsmallest,178.66812,1.26054,0.99
2000-08-09/2022-12-31,3,2,2,0.997,0.2,208,nsmallest,176.93188,1.26003,1.0
2000-08-05/2022-12-31,4,2,2,0.998,0.2,208,nsmallest,176.64569,1.2598,1.0
2000-08-04/2022-12-31,5,3,2,0.999,0.2,208,nsmallest,176.62094,1.25975,0.99
2000-08-03/2022-12-31,6,3,1,0.998,0.2,208,nsmallest,176.61375,1.25971,1.0
2000-08-05/2022-12-31,3,10,2,0.999,0.2,208,nsmallest,176.16894,1.25964,0.99
2000-08-03/2022-12-31,4,7,1,0.997,0.2,208,nsmallest,174.48535,1.25903,1.0
2000-08-01/2022-12-31,7,5,1,0.998,0.2,208,nsmallest,174.45929,1.25895,0.97
2000-08-02/2022-12-31,4,6,1,0.997,0.2,208,nsmallest,172.75767,1.25844,0.99
2000-08-04/2022-12-31,2,3,1,0.997,0.2,208,nsmallest,171.8323,1.25821,0.98
2000-08-08/2022-12-31,2,4,2,0.997,0.2,208,nsmallest,171.31765,1.25818,1.0
2000-08-07/2022-12-31,2,4,2,0.997,0.2,208,nsmallest,171.31765,1.25814,1.0
2000-08-06/2022-12-31,2,4,2,0.997,0.2,208,nsmallest,171.31765,1.25811,1.0
2000-08-07/2022-12-31,4,4,2,0.997,0.2,208,nsmallest,169.12173,1.25742,1.0
2000-08-06/2022-12-31,4,4,2,0.997,0.2,208,nsmallest,169.12173,1.25739,1.0
2000-08-01/2022-12-31,5,2,2,0.997,0.2,208,nsmallest,169.54323,1.25735,1.0
2000-08-09/2022-12-31,2,6,2,0.999,0.2,208,nsmallest,168.59155,1.25731,1.0
2000-08-08/2022-12-31,4,4,2,0.997,0.2,208,nsmallest,168.65277,1.2573,1.0
2000-08-04/2022-12-31,2,3,2,0.998,0.2,208,nsmallest,168.31631,1.25705,0.99
2000-08-05/2022-12-31,6,5,1,0.999,0.2,208,nsmallest,167.34936,1.25676,1.0
2000-08-03/2022-12-31,2,7,2,0.999,0.2,208,nsmallest,167.09362,1.2566,0.99
2000-08-05/2022-12-31,3,2,2,0.999,0.2,208,nsmallest,166.84637,1.25659,1.0
2000-08-02/2022-12-31,5,5,1,0.997,0.2,208,nsmallest,167.02086,1.25654,0.99
2000-08-09/2022-12-31,3,4,1,0.999,0.2,208,nsmallest,164.50828,1.25594,0.99
2000-08-03/2022-12-31,7,3,1,0.998,0.2,208,nsmallest,165.03217,1.25591,0.97
2000-08-03/2022-12-31,2,4,1,0.999,0.2,208,nsmallest,164.22818,1.25563,0.96
2000-08-04/2022-12-31,2,4,2,0.997,0.2,208,nsmallest,163.53514,1.25543,1.0
2000-08-02/2022-12-31,4,2,2,0.998,0.2,208,nsmallest,163.05727,1.2552,1.0
2000-08-07/2022-12-31,4,2,1,0.998,0.2,208,nsmallest,162.40418,1.25515,1.0
2000-08-06/2022-12-31,4,2,1,0.998,0.2,208,nsmallest,162.40418,1.25511,1.0
2000-08-09/2022-12-31,4,5,2,0.998,0.2,208,nsmallest,161.77301,1.255,0.99
2000-08-01/2022-12-31,4,7,1,0.997,0.2,208,nsmallest,162.50891,1.25497,0.97
2000-08-08/2022-12-31,4,2,1,0.998,0.2,208,nsmallest,159.34257,1.25412,1.0
2000-08-08/2022-12-31,2,10,1,0.997,0.2,208,nsmallest,159.10615,1.25403,1.0
2000-08-07/2022-12-31,2,10,1,0.997,0.2,208,nsmallest,159.10615,1.254,1.0
2000-08-06/2022-12-31,2,10,1,0.997,0.2,208,nsmallest,159.10615,1.25396,1.0
2000-08-01/2022-12-31,4,3,2,0.998,0.2,208,nsmallest,159.18464,1.25382,1.0
2000-08-03/2022-12-31,6,2,1,0.998,0.2,208,nsmallest,158.9842,1.25382,0.98
2000-08-02/2022-12-31,6,3,1,0.997,0.2,208,nsmallest,158.43166,1.25359,1.0
2000-08-03/2022-12-31,2,7,1,0.997,0.2,208,nsmallest,156.97929,1.25311,0.91
2000-08-01/2022-12-31,7,6,2,0.999,0.2,208,nsmallest,156.65796,1.25292,0.97
2000-08-09/2022-12-31,4,7,1,0.998,0.2,208,nsmallest,155.80462,1.25289,0.99
2000-08-01/2022-12-31,6,3,1,0.999,0.2,208,nsmallest,156.16107,1.25275,0.98
2000-08-04/2022-12-31,7,4,1,0.997,0.2,208,nsmallest,154.70121,1.25232,1.0
2000-08-09/2022-12-31,7,6,1,0.998,0.2,208,nsmallest,154.10051,1.25228,0.99
2000-08-01/2022-12-31,4,5,2,0.999,0.2,208,nsmallest,154.80491,1.25226,1.0
2000-08-01/2022-12-31,2,10,2,0.997,0.2,208,nsmallest,153.66702,1.25185,1.0
2000-08-01/2022-12-31,6,4,1,0.999,0.2,208,nsmallest,153.5663,1.25181,1.0
2000-08-05/2022-12-31,6,2,1,0.998,0.2,208,nsmallest,152.72996,1.25164,1.0
2000-08-01/2022-12-31,6,5,1,0.998,0.2,208,nsmallest,152.35282,1.25137,0.99
2000-08-04/2022-12-31,4,5,2,0.999,0.2,208,nsmallest,150.39456,1.25075,0.99
2000-08-05/2022-12-31,6,5,2,0.999,0.2,208,nsmallest,150.15026,1.25069,1.0
2000-08-09/2022-12-31,4,6,1,0.998,0.2,208,nsmallest,149.54303,1.2506,1.0
2000-08-02/2022-12-31,7,2,1,0.999,0.2,208,nsmallest,149.17639,1.25022,1.0
2000-08-04/2022-12-31,6,3,1,0.998,0.2,208,nsmallest,148.91574,1.2502,0.98
2000-08-05/2022-12-31,7,2,1,0.999,0.2,208,nsmallest,148.63922,1.25013,0.99
2000-08-01/2022-12-31,3,4,2,0.998,0.2,208,nsmallest,148.99922,1.25012,1.0
2000-08-09/2022-12-31,4,4,1,0.999,0.2,208,nsmallest,147.85019,1.24996,0.99
2000-08-02/2022-12-31,4,4,1,0.998,0.2,208,nsmallest,148.25764,1.24988,1.0
2000-08-04/2022-12-31,4,4,2,0.999,0.2,208,nsmallest,148.04977,1.24987,0.98
2000-08-05/2022-12-31,7,4,1,0.999,0.2,208,nsmallest,146.36734,1.24927,0.99
2000-08-04/2022-12-31,2,2,1,0.999,0.2,208,nsmallest,146.01787,1.2491,0.98
2000-08-05/2022-12-31,3,5,1,0.999,0.2,208,nsmallest,145.02059,1.24875,0.96
2000-08-05/2022-12-31,4,5,1,0.997,0.2,208,nsmallest,144.65784,1.24861,0.98
2000-08-09/2022-12-31,7,3,1,0.997,0.2,208,nsmallest,143.95975,1.24848,0.99
2000-08-09/2022-12-31,2,5,2,0.997,0.2,208,nsmallest,142.76558,1.24801,0.99
2000-08-01/2022-12-31,7,2,1,0.999,0.2,208,nsmallest,143.35309,1.24797,0.98
2000-08-04/2022-12-31,4,4,1,0.998,0.2,208,nsmallest,141.67208,1.24742,0.96
2000-08-08/2022-12-31,6,7,1,0.999,0.2,208,nsmallest,141.042,1.2473,0.97
2000-08-07/2022-12-31,6,7,1,0.999,0.2,208,nsmallest,141.042,1.24727,0.97
2000-08-02/2022-12-31,5,5,2,0.999,0.2,208,nsmallest,141.42659,1.24725,0.99
2000-08-06/2022-12-31,6,7,1,0.999,0.2,208,nsmallest,141.042,1.24724,0.97
2000-08-07/2022-12-31,5,4,2,0.999,0.2,208,nsmallest,140.73845,1.24715,0.99
2000-08-06/2022-12-31,5,4,2,0.999,0.2,208,nsmallest,140.73845,1.24712,0.99
2000-08-03/2022-12-31,6,4,1,0.999,0.2,208,nsmallest,140.79495,1.24704,0.99
2000-08-08/2022-12-31,5,4,2,0.999,0.2,208,nsmallest,139.69296,1.24677,0.99
2000-08-09/2022-12-31,2,7,1,0.998,0.2,208,nsmallest,139.61099,1.24677,1.0
2000-08-02/2022-12-31,3,4,1,0.999,0.2,208,nsmallest,139.14698,1.24635,0.97
2000-08-05/2022-12-31,4,2,2,0.997,0.2,208,nsmallest,138.82248,1.24632,1.0
2000-08-02/2022-12-31,3,6,2,0.998,0.2,208,nsmallest,138.95149,1.24627,0.99
2000-08-04/2022-12-31,5,4,2,0.999,0.2,208,nsmallest,138.74229,1.24625,1.0
2000-08-07/2022-12-31,5,3,1,0.998,0.2,208,nsmallest,138.13733,1.24611,1.0
2000-08-06/2022-12-31,5,3,1,0.998,0.2,208,nsmallest,138.13733,1.24608,1.0
2000-08-08/2022-12-31,5,3,1,0.998,0.2,208,nsmallest,137.86106,1.24603,1.0
2000-08-03/2022-12-31,6,3,1,0.997,0.2,208,nsmallest,137.60505,1.24576,1.0
2000-08-05/2022-12-31,4,3,1,0.999,0.2,208,nsmallest,137.39866,1.24575,0.99
2000-08-01/2022-12-31,2,10,2,0.999,0.2,208,nsmallest,136.51833,1.24525,1.0
2000-08-07/2022-12-31,3,6,1,0.997,0.2,208,nsmallest,135.46286,1.24502,1.0
2000-08-06/2022-12-31,3,6,1,0.997,0.2,208,nsmallest,135.46286,1.24499,1.0
2000-08-03/2022-12-31,2,4,2,0.999,0.2,208,nsmallest,135.65969,1.24497,0.99
2000-08-05/2022-12-31,6,2,1,0.997,0.2,208,nsmallest,135.17308,1.24484,1.0
2000-08-08/2022-12-31,6,6,1,0.998,0.2,208,nsmallest,134.82525,1.24479,0.99
2000-08-07/2022-12-31,6,6,1,0.998,0.2,208,nsmallest,134.82525,1.24476,0.99
2000-08-06/2022-12-31,6,6,1,0.998,0.2,208,nsmallest,134.82525,1.24473,0.99
2000-08-03/2022-12-31,4,4,2,0.999,0.2,208,nsmallest,135.07567,1.24473,0.98
2000-08-09/2022-12-31,5,7,1,0.998,0.2,208,nsmallest,133.22056,1.24416,0.99
2000-08-07/2022-12-31,3,6,1,0.998,0.2,208,nsmallest,133.06751,1.24403,1.0
2000-08-03/2022-12-31,6,2,1,0.997,0.2,208,nsmallest,133.33052,1.24401,0.98
2000-08-08/2022-12-31,3,6,1,0.997,0.2,208,nsmallest,132.91815,1.244,1.0
2000-08-06/2022-12-31,3,6,1,0.998,0.2,208,nsmallest,133.06751,1.244,1.0
2000-08-01/2022-12-31,2,5,1,0.999,0.2,208,nsmallest,132.53341,1.24361,0.99
2000-08-02/2022-12-31,2,7,1,0.998,0.2,208,nsmallest,131.72793,1.2433,0.98
2000-08-03/2022-12-31,5,3,2,0.998,0.2,208,nsmallest,131.62486,1.24329,1.0
2000-08-08/2022-12-31,3,6,1,0.998,0.2,208,nsmallest,130.69876,1.24307,1.0
2000-08-09/2022-12-31,2,7,2,0.998,0.2,208,nsmallest,129.85374,1.24274,0.99
2000-08-08/2022-12-31,2,3,2,0.998,0.2,208,nsmallest,129.17023,1.24242,0.99
2000-08-01/2022-12-31,2,10,1,0.998,0.2,208,nsmallest,129.6391,1.24239,1.0
2000-08-07/2022-12-31,2,3,2,0.998,0.2,208,nsmallest,129.17023,1.24238,0.99
2000-08-06/2022-12-31,2,3,2,0.998,0.2,208,nsmallest,129.17023,1.24235,0.99
2000-08-09/2022-12-31,5,3,1,0.998,0.2,208,nsmallest,128.67645,1.24224,0.99
2000-08-01/2022-12-31,2,10,2,0.998,0.2,208,nsmallest,129.10934,1.24216,1.0
2000-08-09/2022-12-31,4,6,1,0.997,0.2,208,nsmallest,127.90954,1.2419,1.0
2000-08-02/2022-12-31,3,3,2,0.998,0.2,208,nsmallest,128.37701,1.24188,1.0
2000-08-01/2022-12-31,2,3,2,0.998,0.2,208,nsmallest,128.39727,1.24185,0.99
2000-08-05/2022-12-31,3,2,1,0.998,0.2,208,nsmallest,127.48326,1.24159,1.0
2000-08-02/2022-12-31,3,3,1,0.997,0.2,208,nsmallest,126.6318,1.24112,1.0
2000-08-01/2022-12-31,6,5,1,0.997,0.2,208,nsmallest,126.12626,1.24086,0.99
2000-08-01/2022-12-31,3,5,1,0.999,0.2,208,nsmallest,125.74596,1.2407,1.0
2000-08-03/2022-12-31,4,4,1,0.998,0.2,208,nsmallest,124.91007,1.24039,0.97
2000-08-04/2022-12-31,3,5,1,0.997,0.2,208,nsmallest,124.59865,1.24029,0.98
2000-08-07/2022-12-31,3,4,1,0.998,0.2,208,nsmallest,123.83718,1.24005,1.0
2000-08-01/2022-12-31,7,6,1,0.997,0.2,208,nsmallest,124.24337,1.24003,0.95
2000-08-06/2022-12-31,3,4,1,0.998,0.2,208,nsmallest,123.83718,1.24001,1.0
2000-08-04/2022-12-31,4,5,2,0.998,0.2,208,nsmallest,123.29627,1.23971,0.98
2000-08-05/2022-12-31,3,10,2,0.998,0.2,208,nsmallest,123.18197,1.23969,0.99
2000-08-05/2022-12-31,6,5,1,0.998,0.2,208,nsmallest,122.75385,1.23949,1.0
2000-08-08/2022-12-31,4,2,2,0.999,0.2,208,nsmallest,122.33643,1.2394,1.0
2000-08-07/2022-12-31,4,2,2,0.999,0.2,208,nsmallest,122.33643,1.23937,1.0
2000-08-06/2022-12-31,4,2,2,0.999,0.2,208,nsmallest,122.33643,1.23934,1.0
2000-08-03/2022-12-31,2,5,1,0.998,0.2,208,nsmallest,122.29062,1.23922,0.98
2000-08-02/2022-12-31,7,4,1,0.998,0.2,208,nsmallest,122.25366,1.23917,0.98
2000-08-07/2022-12-31,4,3,2,0.997,0.2,208,nsmallest,121.8453,1.23915,0.99
2000-08-06/2022-12-31,4,3,2,0.997,0.2,208,nsmallest,121.8453,1.23912,0.99
2000-08-07/2022-12-31,4,2,1,0.997,0.2,208,nsmallest,121.47729,1.23898,1.0
2000-08-06/2022-12-31,4,2,1,0.997,0.2,208,nsmallest,121.47729,1.23895,1.0
2000-08-01/2022-12-31,2,10,1,0.999,0.2,208,nsmallest,121.72797,1.2389,1.0
2000-08-03/2022-12-31,2,3,2,0.997,0.2,208,nsmallest,120.76285,1.23853,1.0
2000-08-08/2022-12-31,4,3,2,0.997,0.2,208,nsmallest,120.01832,1.23835,0.98
2000-08-01/2022-12-31,4,7,2,0.999,0.2,208,nsmallest,120.42315,1.2383,0.97
2000-08-05/2022-12-31,3,5,2,0.999,0.2,208,nsmallest,120.07318,1.23827,0.96
2000-08-08/2022-12-31,6,4,1,0.999,0.2,208,nsmallest,119.53088,1.23812,0.98
2000-08-08/2022-12-31,6,6,1,0.997,0.2,208,nsmallest,119.50585,1.23811,0.99
2000-08-07/2022-12-31,6,4,1,0.999,0.2,208,nsmallest,119.53088,1.23809,0.98
2000-08-07/2022-12-31,6,6,1,0.997,0.2,208,nsmallest,119.50585,1.23808,0.99
2000-08-06/2022-12-31,6,4,1,0.999,0.2,208,nsmallest,119.53088,1.23806,0.98
2000-08-06/2022-12-31,6,6,1,0.997,0.2,208,nsmallest,119.50585,1.23804,0.99
2000-08-01/2022-12-31,6,2,1,0.998,0.2,208,nsmallest,119.75057,1.238,0.98
2000-08-08/2022-12-31,4,2,1,0.997,0.2,208,nsmallest,119.0678,1.23791,1.0
2000-08-08/2022-12-31,3,4,1,0.998,0.2,208,nsmallest,118.92141,1.23784,0.99
2000-08-01/2022-12-31,7,6,2,0.998,0.2,208,nsmallest,119.24357,1.23776,0.96
2000-08-02/2022-12-31,7,2,1,0.998,0.2,208,nsmallest,118.50713,1.23745,1.0
2000-08-01/2022-12-31,6,6,1,0.999,0.2,208,nsmallest,117.60129,1.237,0.97
2000-08-04/2022-12-31,4,4,1,0.997,0.2,208,nsmallest,116.79222,1.23671,0.96
2000-08-05/2022-12-31,6,3,2,0.999,0.2,208,nsmallest,116.43573,1.23657,0.99
2000-08-09/2022-12-31,4,3,2,0.999,0.2,208,nsmallest,115.7746,1.23639,1.0
2000-08-01/2022-12-31,7,5,1,0.997,0.2,208,nsmallest,115.83381,1.23616,0.97
2000-08-05/2022-12-31,6,5,2,0.998,0.2,208,nsmallest,115.44509,1.2361,1.0
2000-08-07/2022-12-31,3,3,2,0.999,0.2,208,nsmallest,114.66144,1.23579,1.0
2000-08-06/2022-12-31,3,3,2,0.999,0.2,208,nsmallest,114.66144,1.23576,1.0
2000-08-03/2022-12-31,7,3,1,0.997,0.2,208,nsmallest,114.36154,1.23552,0.97
2000-08-04/2022-12-31,2,3,2,0.997,0.2,208,nsmallest,114.03881,1.23539,0.99
2000-08-08/2022-12-31,2,5,2,0.999,0.2,208,nsmallest,113.69439,1.23536,0.99
2000-08-07/2022-12-31,2,5,2,0.999,0.2,208,nsmallest,113.69439,1.23532,0.99
2000-08-06/2022-12-31,2,5,2,0.999,0.2,208,nsmallest,113.69439,1.23529,0.99
2000-08-03/2022-12-31,2,7,2,0.998,0.2,208,nsmallest,113.42506,1.23507,0.99
2000-08-03/2022-12-31,4,2,1,0.998,0.2,208,nsmallest,113.32332,1.23502,0.98
2000-08-08/2022-12-31,3,3,2,0.999,0.2,208,nsmallest,112.96763,1.235,1.0
2000-08-04/2022-12-31,3,5,2,0.999,0.2,208,nsmallest,112.82802,1.23481,1.0
2000-08-02/2022-12-31,5,5,2,0.998,0.2,208,nsmallest,112.26143,1.23447,0.99
2000-08-05/2022-12-31,5,3,1,0.998,0.2,208,nsmallest,112.07069,1.23447,1.0
2000-08-04/2022-12-31,7,4,2,0.999,0.2,208,nsmallest,112.04001,1.23442,1.0
2000-08-04/2022-12-31,4,5,1,0.999,0.2,208,nsmallest,111.81662,1.23431,0.99
2000-08-07/2022-12-31,5,6,1,0.999,0.2,208,nsmallest,111.43691,1.23422,1.0
2000-08-06/2022-12-31,5,6,1,0.999,0.2,208,nsmallest,111.43691,1.23419,1.0
2000-08-02/2022-12-31,5,2,2,0.999,0.2,208,nsmallest,111.28026,1.23398,1.0
2000-08-01/2022-12-31,4,5,2,0.998,0.2,208,nsmallest,110.75029,1.23369,1.0
2000-08-02/2022-12-31,2,7,1,0.999,0.2,208,nsmallest,110.34369,1.23352,0.98
2000-08-04/2022-12-31,5,3,2,0.998,0.2,208,nsmallest,109.78446,1.2333,0.99
2000-08-01/2022-12-31,6,4,1,0.997,0.2,208,nsmallest,109.93535,1.23328,1.0
2000-08-09/2022-12-31,3,10,1,0.999,0.2,208,nsmallest,109.3651,1.23325,0.94
2000-08-01/2022-12-31,6,4,1,0.998,0.2,208,nsmallest,109.71475,1.23317,1.0
2000-08-05/2022-12-31,6,10,1,0.999,0.2,208,nsmallest,108.99454,1.23293,0.98
2000-08-01/2022-12-31,5,5,2,0.999,0.2,208,nsmallest,109.23855,1.23293,0.99
2000-08-04/2022-12-31,5,5,1,0.999,0.2,208,nsmallest,108.91275,1.23286,0.99
2000-08-01/2022-12-31,6,3,1,0.998,0.2,208,nsmallest,108.54332,1.23258,0.98
2000-08-02/2022-12-31,3,6,2,0.997,0.2,208,nsmallest,108.24851,1.23246,0.99
2000-08-02/2022-12-31,4,4,1,0.999,0.2,208,nsmallest,108.04552,1.23236,1.0
2000-08-03/2022-12-31,6,3,2,0.999,0.2,208,nsmallest,107.89913,1.23232,1.0
2000-08-09/2022-12-31,7,6,1,0.997,0.2,208,nsmallest,107.24133,1.23217,0.99
2000-08-04/2022-12-31,7,2,2,0.999,0.2,208,nsmallest,107.08963,1.23193,0.98
2000-08-08/2022-12-31,5,6,1,0.999,0.2,208,nsmallest,106.61459,1.23181,0.98
2000-08-09/2022-12-31,2,6,2,0.998,0.2,208,nsmallest,106.47808,1.23178,0.99
2000-08-02/2022-12-31,3,4,2,0.998,0.2,208,nsmallest,106.68809,1.23166,1.0
2000-08-07/2022-12-31,3,4,1,0.997,0.2,208,nsmallest,106.14078,1.23154,1.0
2000-08-06/2022-12-31,3,4,1,0.997,0.2,208,nsmallest,106.14078,1.23151,1.0
2000-08-09/2022-12-31,3,4,1,0.998,0.2,208,nsmallest,105.96947,1.23151,0.99
2000-08-09/2022-12-31,4,7,1,0.997,0.2,208,nsmallest,105.10582,1.23106,0.99
2000-08-07/2022-12-31,5,6,1,0.998,0.2,208,nsmallest,104.62016,1.23074,1.0
2000-08-02/2022-12-31,6,7,2,0.999,0.2,208,nsmallest,104.8714,1.23072,0.93
2000-08-06/2022-12-31,5,6,1,0.998,0.2,208,nsmallest,104.62016,1.23071,1.0
2000-08-01/2022-12-31,4,3,2,0.997,0.2,208,nsmallest,104.82276,1.23066,1.0
2000-08-03/2022-12-31,4,4,1,0.997,0.2,208,nsmallest,104.61425,1.23062,0.97
2000-08-05/2022-12-31,4,3,2,0.999,0.2,208,nsmallest,104.05275,1.23038,0.99
2000-08-07/2022-12-31,3,2,2,0.997,0.2,208,nsmallest,103.35907,1.23008,1.0
2000-08-06/2022-12-31,3,2,2,0.997,0.2,208,nsmallest,103.35907,1.23005,1.0
2000-08-07/2022-12-31,5,3,1,0.997,0.2,208,nsmallest,103.13941,1.22996,1.0
2000-08-06/2022-12-31,5,3,1,0.997,0.2,208,nsmallest,103.13941,1.22993,1.0
2000-08-08/2022-12-31,6,7,1,0.998,0.2,208,nsmallest,102.87481,1.22985,0.97
2000-08-08/2022-12-31,5,3,1,0.997,0.2,208,nsmallest,102.82999,1.22983,1.0
2000-08-07/2022-12-31,6,7,1,0.998,0.2,208,nsmallest,102.87481,1.22982,0.97
2000-08-06/2022-12-31,6,7,1,0.998,0.2,208,nsmallest,102.87481,1.22979,0.97
2000-08-01/2022-12-31,3,2,2,0.997,0.2,208,nsmallest,102.94646,1.22967,1.0
2000-08-04/2022-12-31,4,5,2,0.997,0.2,208,nsmallest,102.5828,1.22957,0.99
2000-08-07/2022-12-31,3,4,2,0.999,0.2,208,nsmallest,102.33704,1.22953,0.99
2000-08-06/2022-12-31,3,4,2,0.999,0.2,208,nsmallest,102.33704,1.2295,0.99
2000-08-03/2022-12-31,7,4,1,0.999,0.2,208,nsmallest,102.47149,1.22948,0.99
2000-08-07/2022-12-31,6,4,1,0.998,0.2,208,nsmallest,101.88526,1.22929,0.98
2000-08-08/2022-12-31,3,4,1,0.997,0.2,208,nsmallest,101.82534,1.22929,0.99
2000-08-08/2022-12-31,6,4,1,0.998,0.2,208,nsmallest,101.79973,1.22928,0.98
2000-08-06/2022-12-31,6,4,1,0.998,0.2,208,nsmallest,101.88526,1.22926,0.98
2000-08-04/2022-12-31,6,3,1,0.997,0.2,208,nsmallest,101.46986,1.22897,0.98
2000-08-03/2022-12-31,2,5,1,0.997,0.2,208,nsmallest,101.34607,1.22888,0.98
2000-08-03/2022-12-31,2,5,2,0.999,0.2,208,nsmallest,101.02887,1.2287,0.99
2000-08-08/2022-12-31,3,2,2,0.997,0.2,208,nsmallest,100.68519,1.22867,0.99
2000-08-08/2022-12-31,5,3,2,0.999,0.2,208,nsmallest,100.65797,1.22866,1.0
2000-08-07/2022-12-31,5,3,2,0.999,0.2,208,nsmallest,100.70835,1.22865,1.0
2000-08-06/2022-12-31,5,3,2,0.999,0.2,208,nsmallest,100.70835,1.22862,1.0
2000-08-08/2022-12-31,3,4,2,0.999,0.2,208,nsmallest,100.31598,1.22847,0.98
2000-08-09/2022-12-31,5,7,1,0.997,0.2,208,nsmallest,100.22764,1.22845,0.99
2000-08-02/2022-12-31,4,2,2,0.997,0.2,208,nsmallest,100.6205,1.22845,1.0
2000-08-05/2022-12-31,7,4,1,0.998,0.2,208,nsmallest,100.38299,1.22841,0.99
2000-08-02/2022-12-31,5,4,1,0.999,0.2,208,nsmallest,100.36916,1.22831,0.97
2000-08-08/2022-12-31,5,6,1,0.998,0.2,208,nsmallest,99.99263,1.22829,0.98
2000-08-05/2022-12-31,7,2,1,0.998,0.2,208,nsmallest,99.88631,1.22814,0.99
2000-08-05/2022-12-31,3,2,1,0.997,0.2,208,nsmallest,99.35372,1.22785,1.0
2000-08-03/2022-12-31,4,3,2,0.999,0.2,208,nsmallest,98.54211,1.22734,1.0
2000-08-02/2022-12-31,3,6,1,0.999,0.2,208,nsmallest,98.18972,1.22711,0.99
2000-08-02/2022-12-31,4,6,2,0.999,0.2,208,nsmallest,98.12148,1.22707,0.99
2000-08-04/2022-12-31,3,4,2,0.999,0.2,208,nsmallest,97.99701,1.22706,1.0
2000-08-05/2022-12-31,3,10,2,0.997,0.2,208,nsmallest,97.28386,1.2267,0.98
2000-08-09/2022-12-31,4,4,1,0.998,0.2,208,nsmallest,97.00474,1.22666,0.99
2000-08-01/2022-12-31,7,2,1,0.998,0.2,208,nsmallest,97.20866,1.22653,0.98
2000-08-03/2022-12-31,4,7,2,0.999,0.2,208,nsmallest,96.30392,1.22608,1.0
2000-08-03/2022-12-31,6,4,1,0.998,0.2,208,nsmallest,96.27302,1.22606,0.98
2000-08-01/2022-12-31,3,7,1,0.999,0.2,208,nsmallest,96.19714,1.22596,0.99
2000-08-09/2022-12-31,2,7,2,0.997,0.2,208,nsmallest,95.4973,1.2258,0.99
2000-08-04/2022-12-31,2,2,2,0.999,0.2,208,nsmallest,95.6865,1.22576,0.99
2000-08-04/2022-12-31,5,4,2,0.998,0.2,208,nsmallest,94.98767,1.22536,1.0
2000-08-09/2022-12-31,3,4,2,0.999,0.2,208,nsmallest,94.01905,1.22495,0.99
2000-08-01/2022-12-31,3,4,2,0.997,0.2,208,nsmallest,93.61539,1.22447,1.0
2000-08-01/2022-12-31,3,5,1,0.998,0.2,208,nsmallest,93.50369,1.22441,1.0
2000-08-02/2022-12-31,2,5,2,0.999,0.2,208,nsmallest,93.38939,1.22437,1.0
2000-08-02/2022-12-31,7,2,1,0.997,0.2,208,nsmallest,93.28032,1.22431,1.0
2000-08-03/2022-12-31,5,3,2,0.997,0.2,208,nsmallest,93.16376,1.22427,1.0
2000-08-05/2022-12-31,7,5,1,0.999,0.2,208,nsmallest,92.99846,1.22423,0.99
2000-08-02/2022-12-31,2,7,1,0.997,0.2,208,nsmallest,93.0975,1.2242,0.97
2000-08-03/2022-12-31,2,4,1,0.998,0.2,208,nsmallest,92.78681,1.22405,0.95
2000-08-05/2022-12-31,4,6,2,0.999,0.2,208,nsmallest,92.59635,1.22399,0.97
2000-08-08/2022-12-31,2,3,1,0.998,0.2,208,nsmallest,92.39561,1.22397,0.99
2000-08-07/2022-12-31,2,3,1,0.998,0.2,208,nsmallest,92.39561,1.22394,0.99
2000-08-06/2022-12-31,2,3,1,0.998,0.2,208,nsmallest,92.39561,1.22391,0.99
2000-08-07/2022-12-31,5,4,2,0.998,0.2,208,nsmallest,92.03199,1.22372,0.99
2000-08-06/2022-12-31,5,4,2,0.998,0.2,208,nsmallest,92.03199,1.22369,0.99
2000-08-09/2022-12-31,5,3,1,0.997,0.2,208,nsmallest,91.68771,1.22358,0.99
2000-08-09/2022-12-31,3,10,1,0.998,0.2,208,nsmallest,91.62079,1.22354,0.94
2000-08-02/2022-12-31,5,5,2,0.997,0.2,208,nsmallest,91.95066,1.22352,0.99
2000-08-01/2022-12-31,2,3,1,0.998,0.2,208,nsmallest,91.84271,1.22343,0.99
2000-08-03/2022-12-31,3,6,2,0.999,0.2,208,nsmallest,91.74339,1.22343,1.0
2000-08-01/2022-12-31,6,2,1,0.997,0.2,208,nsmallest,91.72863,1.22336,0.98
2000-08-08/2022-12-31,5,4,2,0.998,0.2,208,nsmallest,91.30224,1.22332,0.99
2000-08-01/2022-12-31,7,6,2,0.997,0.2,208,nsmallest,91.56831,1.22326,0.96
2000-08-02/2022-12-31,3,4,2,0.997,0.2,208,nsmallest,91.51819,1.22326,1.0
2000-08-09/2022-12-31,2,7,1,0.997,0.2,208,nsmallest,91.08441,1.22322,1.0
2000-08-02/2022-12-31,4,5,1,0.999,0.2,208,nsmallest,91.04274,1.22298,0.99
2000-08-04/2022-12-31,5,5,2,0.999,0.2,208,nsmallest,90.83653,1.22292,0.98
2000-08-08/2022-12-31,2,5,2,0.998,0.2,208,nsmallest,90.58397,1.22288,0.99
2000-08-07/2022-12-31,2,5,2,0.998,0.2,208,nsmallest,90.58397,1.22285,0.99
2000-08-06/2022-12-31,2,5,2,0.998,0.2,208,nsmallest,90.58397,1.22282,0.99
2000-08-01/2022-12-31,2,7,1,0.999,0.2,208,nsmallest,90.7503,1.22277,0.93
2000-08-09/2022-12-31,7,6,1,0.999,0.2,208,nsmallest,90.27355,1.22273,0.99
2000-08-02/2022-12-31,4,4,1,0.997,0.2,208,nsmallest,90.52301,1.22267,1.0
2000-08-04/2022-12-31,5,5,1,0.998,0.2,208,nsmallest,89.25798,1.22196,0.99
2000-08-09/2022-12-31,4,6,2,0.999,0.2,208,nsmallest,88.98525,1.22194,1.0
2000-08-01/2022-12-31,5,3,1,0.999,0.2,208,nsmallest,89.29507,1.22189,0.94
2000-08-05/2022-12-31,6,10,1,0.997,0.2,208,nsmallest,88.43563,1.22148,0.98
2000-08-04/2022-12-31,5,3,2,0.997,0.2,208,nsmallest,88.48021,1.22148,0.99
2000-08-04/2022-12-31,4,4,2,0.998,0.2,208,nsmallest,87.50048,1.22088,0.98
2000-08-03/2022-12-31,4,2,2,0.999,0.2,208,nsmallest,87.37484,1.22077,1.0
2000-08-04/2022-12-31,2,2,1,0.998,0.2,208,nsmallest,87.24497,1.22072,0.98
2000-08-03/2022-12-31,6,3,2,0.998,0.2,208,nsmallest,86.59218,1.22028,1.0
2000-08-01/2022-12-31,4,7,2,0.998,0.2,208,nsmallest,86.65589,1.22026,0.97
2000-08-01/2022-12-31,2,7,1,0.997,0.2,208,nsmallest,86.60849,1.22023,0.96
2000-08-02/2022-12-31,7,4,1,0.997,0.2,208,nsmallest,86.28963,1.22006,0.98
2000-08-01/2022-12-31,4,5,2,0.997,0.2,208,nsmallest,86.26311,1.22001,0.99
2000-08-05/2022-12-31,6,5,2,0.997,0.2,208,nsmallest,85.76287,1.21981,1.0
2000-08-05/2022-12-31,3,5,1,0.998,0.2,208,nsmallest,85.65618,1.21975,0.95
2000-08-03/2022-12-31,7,4,1,0.998,0.2,208,nsmallest,85.5114,1.21959,0.99
2000-08-07/2022-12-31,4,2,2,0.998,0.2,208,nsmallest,85.1269,1.21947,1.0
2000-08-06/2022-12-31,4,2,2,0.998,0.2,208,nsmallest,85.1269,1.21944,1.0
2000-08-05/2022-12-31,5,3,1,0.997,0.2,208,nsmallest,85.14781,1.21942,1.0
2000-08-05/2022-12-31,3,6,1,0.999,0.2,208,nsmallest,85.1161,1.2194,0.98
2000-08-02/2022-12-31,6,3,2,0.999,0.2,208,nsmallest,84.74039,1.21907,0.99
2000-08-08/2022-12-31,4,2,2,0.998,0.2,208,nsmallest,84.31687,1.21898,1.0
2000-08-09/2022-12-31,2,6,2,0.997,0.2,208,nsmallest,84.05452,1.21884,0.99
2000-08-05/2022-12-31,6,5,1,0.997,0.2,208,nsmallest,84.12118,1.21876,0.99
2000-08-05/2022-12-31,3,5,1,0.997,0.2,208,nsmallest,84.05178,1.21872,0.95
2000-08-05/2022-12-31,7,2,1,0.997,0.2,208,nsmallest,83.66089,1.21846,0.99
2000-08-03/2022-12-31,5,4,1,0.999,0.2,208,nsmallest,83.47985,1.21829,0.99
2000-08-04/2022-12-31,4,5,1,0.998,0.2,208,nsmallest,82.99981,1.218,0.99
2000-08-02/2022-12-31,3,4,1,0.998,0.2,208,nsmallest,83.04939,1.21798,0.97
2000-08-05/2022-12-31,6,3,2,0.998,0.2,208,nsmallest,82.7917,1.21789,0.99
2000-08-03/2022-12-31,4,4,2,0.998,0.2,208,nsmallest,82.85413,1.21788,0.98
2000-08-05/2022-12-31,7,4,1,0.997,0.2,208,nsmallest,82.61437,1.21778,0.99
2000-08-05/2022-12-31,5,3,2,0.999,0.2,208,nsmallest,82.57505,1.21775,1.0
2000-08-02/2022-12-31,3,3,2,0.997,0.2,208,nsmallest,82.02963,1.2173,1.0
2000-08-01/2022-12-31,6,6,1,0.998,0.2,208,nsmallest,81.42881,1.21688,0.97
2000-08-02/2022-12-31,5,2,2,0.998,0.2,208,nsmallest,80.91973,1.21656,1.0
2000-08-01/2022-12-31,7,5,2,0.999,0.2,208,nsmallest,80.06125,1.21596,0.96
2000-08-08/2022-12-31,5,7,1,0.999,0.2,208,nsmallest,79.63739,1.21587,0.94
2000-08-07/2022-12-31,5,7,1,0.999,0.2,208,nsmallest,79.63739,1.21584,0.94
2000-08-04/2022-12-31,5,2,1,0.999,0.2,208,nsmallest,79.73396,1.21582,0.99
2000-08-06/2022-12-31,5,7,1,0.999,0.2,208,nsmallest,79.63739,1.21581,0.94
2000-08-05/2022-12-31,4,5,2,0.999,0.2,208,nsmallest,79.60539,1.21576,1.0
2000-08-02/2022-12-31,2,5,1,0.999,0.2,208,nsmallest,79.54039,1.21563,1.0
2000-08-01/2022-12-31,4,6,1,0.999,0.2,208,nsmallest,79.5388,1.2156,0.97
2000-08-03/2022-12-31,2,7,2,0.997,0.2,208,nsmallest,79.39186,1.21556,0.99
2000-08-02/2022-12-31,5,4,1,0.998,0.2,208,nsmallest,79.19783,1.2154,0.97
2000-08-09/2022-12-31,4,4,1,0.997,0.2,208,nsmallest,78.74376,1.21529,0.99
2000-08-05/2022-12-31,6,10,1,0.998,0.2,208,nsmallest,78.64429,1.2151,0.98
2000-08-04/2022-12-31,5,10,1,0.999,0.2,208,nsmallest,78.43627,1.21493,0.99
2000-08-01/2022-12-31,5,10,1,0.999,0.2,208,nsmallest,78.24668,1.21471,0.99
2000-08-03/2022-12-31,2,4,2,0.998,0.2,208,nsmallest,77.85464,1.2145,0.99
2000-08-01/2022-12-31,5,3,1,0.998,0.2,208,nsmallest,77.83997,1.21443,0.93
2000-08-03/2022-12-31,7,4,2,0.999,0.2,208,nsmallest,77.07324,1.21395,0.99
2000-08-08/2022-12-31,2,3,2,0.997,0.2,208,nsmallest,76.60023,1.21376,0.99
2000-08-07/2022-12-31,2,3,2,0.997,0.2,208,nsmallest,76.60023,1.21373,0.99
2000-08-06/2022-12-31,2,3,2,0.997,0.2,208,nsmallest,76.60023,1.21371,0.99
2000-08-08/2022-12-31,2,6,2,0.999,0.2,208,nsmallest,76.32316,1.21357,0.99
2000-08-07/2022-12-31,2,6,2,0.999,0.2,208,nsmallest,76.32316,1.21354,0.99
2000-08-06/2022-12-31,2,6,2,0.999,0.2,208,nsmallest,76.32316,1.21351,0.99
2000-08-05/2022-12-31,3,2,2,0.998,0.2,208,nsmallest,75.9463,1.21321,1.0
2000-08-01/2022-12-31,2,3,2,0.997,0.2,208,nsmallest,76.06556,1.21318,0.99
2000-08-05/2022-12-31,3,6,2,0.999,0.2,208,nsmallest,75.87132,1.21316,0.97
2000-08-07/2022-12-31,3,3,2,0.998,0.2,208,nsmallest,75.74709,1.21313,1.0
2000-08-06/2022-12-31,3,3,2,0.998,0.2,208,nsmallest,75.74709,1.2131,1.0
2000-08-07/2022-12-31,3,6,2,0.999,0.2,208,nsmallest,75.68351,1.21308,1.0
2000-08-06/2022-12-31,3,6,2,0.999,0.2,208,nsmallest,75.68351,1.21305,1.0
2000-08-04/2022-12-31,7,4,2,0.998,0.2,208,nsmallest,75.58394,1.21292,1.0
2000-08-01/2022-12-31,5,5,2,0.998,0.2,208,nsmallest,75.46561,1.21275,0.99
2000-08-05/2022-12-31,4,3,1,0.998,0.2,208,nsmallest,75.22586,1.2127,0.99
2000-08-08/2022-12-31,3,6,2,0.999,0.2,208,nsmallest,75.04173,1.21265,0.99
2000-08-03/2022-12-31,4,2,1,0.997,0.2,208,nsmallest,75.03517,1.2125,0.98
2000-08-08/2022-12-31,3,3,2,0.998,0.2,208,nsmallest,74.19591,1.21204,1.0
2000-08-08/2022-12-31,4,6,2,0.999,0.2,208,nsmallest,73.6386,1.21163,0.99
2000-08-07/2022-12-31,5,6,1,0.997,0.2,208,nsmallest,73.66789,1.21162,0.99
2000-08-07/2022-12-31,4,6,2,0.999,0.2,208,nsmallest,73.6386,1.2116,0.99
2000-08-06/2022-12-31,5,6,1,0.997,0.2,208,nsmallest,73.66789,1.21159,0.99
2000-08-06/2022-12-31,4,6,2,0.999,0.2,208,nsmallest,73.6386,1.21157,0.99
2000-08-04/2022-12-31,7,2,2,0.998,0.2,208,nsmallest,73.67641,1.21154,0.98
2000-08-01/2022-12-31,5,6,1,0.999,0.2,208,nsmallest,73.70391,1.21148,0.97
2000-08-04/2022-12-31,7,7,1,0.999,0.2,208,nsmallest,73.23088,1.21121,0.98
2000-08-05/2022-12-31,3,7,1,0.999,0.2,208,nsmallest,73.15957,1.21119,1.0
2000-08-01/2022-12-31,3,10,1,0.999,0.2,208,nsmallest,73.17194,1.21109,0.98
2000-08-09/2022-12-31,4,10,1,0.999,0.2,208,nsmallest,72.7846,1.21103,0.97
2000-08-03/2022-12-31,5,2,2,0.999,0.2,208,nsmallest,72.95446,1.21098,0.99
2000-08-03/2022-12-31,5,4,1,0.998,0.2,208,nsmallest,72.94218,1.21097,0.99
2000-08-03/2022-12-31,4,4,2,0.997,0.2,208,nsmallest,72.56113,1.21069,0.98
2000-08-05/2022-12-31,4,3,1,0.997,0.2,208,nsmallest,72.45401,1.21067,0.99
2000-08-03/2022-12-31,4,7,2,0.998,0.2,208,nsmallest,72.40618,1.21057,1.0
2000-08-08/2022-12-31,6,7,1,0.997,0.2,208,nsmallest,72.10383,1.21049,0.97
2000-08-07/2022-12-31,6,7,1,0.997,0.2,208,nsmallest,72.10383,1.21046,0.97
2000-08-06/2022-12-31,6,7,1,0.997,0.2,208,nsmallest,72.10383,1.21043,0.97
2000-08-08/2022-12-31,4,6,2,0.997,0.2,208,nsmallest,71.71034,1.21019,0.99
2000-08-07/2022-12-31,4,6,2,0.997,0.2,208,nsmallest,71.71034,1.21016,0.99
2000-08-07/2022-12-31,6,4,1,0.997,0.2,208,nsmallest,71.68698,1.21015,0.98
2000-08-06/2022-12-31,4,6,2,0.997,0.2,208,nsmallest,71.71034,1.21014,0.99
2000-08-06/2022-12-31,6,4,1,0.997,0.2,208,nsmallest,71.68698,1.21012,0.98
2000-08-08/2022-12-31,6,4,1,0.997,0.2,208,nsmallest,71.55504,1.21008,0.98
2000-08-03/2022-12-31,3,7,1,0.999,0.2,208,nsmallest,71.6308,1.20999,0.95
2000-08-01/2022-12-31,2,5,1,0.998,0.2,208,nsmallest,71.65779,1.20996,0.98
2000-08-03/2022-12-31,5,6,1,0.999,0.2,208,nsmallest,71.47466,1.20987,0.91
2000-08-02/2022-12-31,6,7,2,0.998,0.2,208,nsmallest,71.43056,1.20981,0.93
2000-08-04/2022-12-31,5,4,2,0.997,0.2,208,nsmallest,71.23212,1.20972,1.0
2000-08-04/2022-12-31,3,5,2,0.998,0.2,208,nsmallest,71.1612,1.20967,0.99
2000-08-03/2022-12-31,3,5,2,0.999,0.2,208,nsmallest,71.14654,1.20963,0.99
2000-08-08/2022-12-31,5,6,1,0.997,0.2,208,nsmallest,70.33889,1.20915,0.98
2000-08-09/2022-12-31,5,3,2,0.999,0.2,208,nsmallest,69.97162,1.2089,0.99
2000-08-01/2022-12-31,6,3,1,0.997,0.2,208,nsmallest,70.21786,1.20886,0.98
2000-08-07/2022-12-31,3,7,1,0.999,0.2,208,nsmallest,69.85685,1.20875,0.99
2000-08-03/2022-12-31,6,4,1,0.997,0.2,208,nsmallest,69.96044,1.20872,0.97
2000-08-06/2022-12-31,3,7,1,0.999,0.2,208,nsmallest,69.85685,1.20872,0.99
2000-08-02/2022-12-31,7,3,1,0.999,0.2,208,nsmallest,69.93709,1.20867,0.96
2000-08-05/2022-12-31,3,7,2,0.999,0.2,208,nsmallest,69.70908,1.20858,1.0
2000-08-03/2022-12-31,7,10,2,0.999,0.2,208,nsmallest,69.62625,1.20846,0.94
2000-08-01/2022-12-31,2,5,2,0.999,0.2,208,nsmallest,69.4645,1.20828,0.99
2000-08-04/2022-12-31,4,5,1,0.997,0.2,208,nsmallest,69.33072,1.20826,0.99
2000-08-03/2022-12-31,3,6,2,0.998,0.2,208,nsmallest,69.23213,1.20815,1.0
2000-08-07/2022-12-31,5,4,2,0.997,0.2,208,nsmallest,69.08002,1.20815,0.99
2000-08-06/2022-12-31,5,4,2,0.997,0.2,208,nsmallest,69.08002,1.20812,0.99
2000-08-02/2022-12-31,4,6,2,0.998,0.2,208,nsmallest,68.78231,1.20778,0.99
2000-08-08/2022-12-31,5,4,2,0.997,0.2,208,nsmallest,68.49763,1.20772,0.99
2000-08-02/2022-12-31,5,6,2,0.999,0.2,208,nsmallest,68.56561,1.20761,1.0
2000-08-09/2022-12-31,4,6,2,0.998,0.2,208,nsmallest,68.08408,1.20742,1.0
2000-08-08/2022-12-31,3,7,1,0.999,0.2,208,nsmallest,68.03575,1.20735,0.97
2000-08-05/2022-12-31,7,5,1,0.998,0.2,208,nsmallest,67.72232,1.20702,0.99
2000-08-02/2022-12-31,6,5,1,0.999,0.2,208,nsmallest,67.71652,1.20693,0.94
2000-08-05/2022-12-31,3,5,2,0.998,0.2,208,nsmallest,67.20026,1.2066,0.95
2000-08-01/2022-12-31,2,7,1,0.998,0.2,208,nsmallest,66.96172,1.2063,0.93
2000-08-08/2022-12-31,6,3,1,0.999,0.2,208,nsmallest,66.608,1.20621,1.0
2000-08-07/2022-12-31,6,3,1,0.999,0.2,208,nsmallest,66.608,1.20618,1.0
2000-08-03/2022-12-31,7,7,1,0.999,0.2,208,nsmallest,66.73331,1.20617,0.99
2000-08-06/2022-12-31,6,3,1,0.999,0.2,208,nsmallest,66.608,1.20616,1.0
2000-08-09/2022-12-31,3,5,2,0.999,0.2,208,nsmallest,66.4898,1.20614,1.0
2000-08-01/2022-12-31,7,10,1,0.998,0.2,208,nsmallest,66.5997,1.20601,0.99
2000-08-04/2022-12-31,5,5,2,0.998,0.2,208,nsmallest,65.96472,1.20558,0.98
2000-08-01/2022-12-31,3,3,1,0.999,0.2,208,nsmallest,65.99723,1.20552,1.0
2000-08-05/2022-12-31,4,6,2,0.998,0.2,208,nsmallest,65.83453,1.2055,0.97
2000-08-09/2022-12-31,3,3,1,0.999,0.2,208,nsmallest,65.62462,1.20544,1.0
2000-08-07/2022-12-31,5,3,2,0.998,0.2,208,nsmallest,65.57499,1.20534,1.0
2000-08-08/2022-12-31,5,3,2,0.998,0.2,208,nsmallest,65.50935,1.20532,1.0
2000-08-06/2022-12-31,5,3,2,0.998,0.2,208,nsmallest,65.57499,1.20531,1.0
2000-08-03/2022-12-31,4,3,2,0.998,0.2,208,nsmallest,65.45953,1.20514,1.0
2000-08-09/2022-12-31,4,3,2,0.998,0.2,208,nsmallest,65.03472,1.20495,1.0
2000-08-04/2022-12-31,5,10,1,0.998,0.2,208,nsmallest,65.08088,1.20485,0.99
2000-08-03/2022-12-31,7,10,2,0.997,0.2,208,nsmallest,65.02796,1.20478,0.94
2000-08-02/2022-12-31,4,4,2,0.999,0.2,208,nsmallest,65.05022,1.20477,1.0
2000-08-01/2022-12-31,7,2,1,0.997,0.2,208,nsmallest,64.8672,1.20459,0.98
2000-08-09/2022-12-31,3,4,1,0.997,0.2,208,nsmallest,64.57764,1.20457,0.99
2000-08-08/2022-12-31,5,7,1,0.998,0.2,208,nsmallest,64.28755,1.2043,0.94
2000-08-07/2022-12-31,5,7,1,0.998,0.2,208,nsmallest,64.28755,1.20428,0.94
2000-08-03/2022-12-31,7,4,1,0.997,0.2,208,nsmallest,64.41197,1.20427,0.99
2000-08-06/2022-12-31,5,7,1,0.998,0.2,208,nsmallest,64.28755,1.20425,0.94
2000-08-04/2022-12-31,6,3,2,0.999,0.2,208,nsmallest,64.34854,1.20424,0.98
2000-08-03/2022-12-31,6,3,2,0.997,0.2,208,nsmallest,64.14964,1.20405,1.0
2000-08-04/2022-12-31,4,4,2,0.997,0.2,208,nsmallest,63.97759,1.20393,0.98
2000-08-02/2022-12-31,2,6,2,0.999,0.2,208,nsmallest,63.89057,1.20381,1.0
2000-08-07/2022-12-31,3,7,2,0.999,0.2,208,nsmallest,63.68805,1.20377,1.0
2000-08-06/2022-12-31,3,7,2,0.999,0.2,208,nsmallest,63.68805,1.20374,1.0
2000-08-03/2022-12-31,6,2,2,0.999,0.2,208,nsmallest,63.44852,1.20346,0.98
2000-08-09/2022-12-31,4,6,2,0.997,0.2,208,nsmallest,63.07804,1.20331,1.0
2000-08-05/2022-12-31,3,6,2,0.998,0.2,208,nsmallest,63.20096,1.2033,0.97
2000-08-08/2022-12-31,6,6,2,0.999,0.2,208,nsmallest,63.02333,1.20324,0.99
2000-08-07/2022-12-31,6,6,2,0.999,0.2,208,nsmallest,63.02333,1.20321,0.99
2000-08-06/2022-12-31,6,6,2,0.999,0.2,208,nsmallest,63.02333,1.20318,0.99
2000-08-03/2022-12-31,2,4,1,0.997,0.2,208,nsmallest,63.08091,1.20315,0.94
2000-08-08/2022-12-31,3,7,2,0.999,0.2,208,nsmallest,62.84695,1.20308,1.0
2000-08-05/2022-12-31,6,3,2,0.997,0.2,208,nsmallest,62.91633,1.20306,0.99
2000-08-02/2022-12-31,6,3,2,0.998,0.2,208,nsmallest,62.98427,1.20304,0.99
2000-08-03/2022-12-31,5,6,1,0.998,0.2,208,nsmallest,62.91992,1.20301,0.98
2000-08-09/2022-12-31,3,10,1,0.997,0.2,208,nsmallest,62.65906,1.20295,0.94
2000-08-01/2022-12-31,5,10,1,0.998,0.2,208,nsmallest,62.7841,1.20284,0.99
2000-08-04/2022-12-31,6,2,2,0.999,0.2,208,nsmallest,62.66867,1.20282,1.0
2000-08-03/2022-12-31,6,5,1,0.999,0.2,208,nsmallest,62.64426,1.20278,0.98
2000-08-01/2022-12-31,5,4,1,0.999,0.2,208,nsmallest,62.668,1.20274,1.0
2000-08-04/2022-12-31,6,2,1,0.999,0.2,208,nsmallest,61.81632,1.20209,1.0
2000-08-03/2022-12-31,7,10,2,0.998,0.2,208,nsmallest,61.71923,1.20198,0.94
2000-08-08/2022-12-31,4,6,2,0.998,0.2,208,nsmallest,61.45716,1.20188,0.99
2000-08-07/2022-12-31,4,6,2,0.998,0.2,208,nsmallest,61.45716,1.20186,0.99
2000-08-06/2022-12-31,4,6,2,0.998,0.2,208,nsmallest,61.45716,1.20183,0.99
2000-08-05/2022-12-31,4,7,1,0.999,0.2,208,nsmallest,61.39565,1.20175,0.97
2000-08-09/2022-12-31,5,5,1,0.999,0.2,208,nsmallest,61.2031,1.20169,1.0
2000-08-04/2022-12-31,5,5,1,0.997,0.2,208,nsmallest,61.31024,1.20165,0.99
2000-08-02/2022-12-31,7,2,2,0.999,0.2,208,nsmallest,61.35183,1.20163,1.0
2000-08-02/2022-12-31,4,4,2,0.998,0.2,208,nsmallest,61.32045,1.2016,1.0
2000-08-05/2022-12-31,5,2,1,0.999,0.2,208,nsmallest,61.17936,1.20156,0.98
2000-08-07/2022-12-31,3,4,2,0.998,0.2,208,nsmallest,61.07258,1.20152,0.99
2000-08-06/2022-12-31,3,4,2,0.998,0.2,208,nsmallest,61.07258,1.20149,0.99
2000-08-09/2022-12-31,5,4,1,0.999,0.2,208,nsmallest,60.89442,1.20142,0.99
2000-08-01/2022-12-31,6,6,1,0.997,0.2,208,nsmallest,61.01479,1.20131,0.97
2000-08-04/2022-12-31,5,2,2,0.999,0.2,208,nsmallest,60.81193,1.20121,0.99
2000-08-08/2022-12-31,2,7,1,0.999,0.2,208,nsmallest,60.49286,1.20104,0.97
2000-08-07/2022-12-31,2,7,1,0.999,0.2,208,nsmallest,60.49286,1.20101,0.97
2000-08-06/2022-12-31,2,7,1,0.999,0.2,208,nsmallest,60.49286,1.20098,0.97
2000-08-03/2022-12-31,5,4,2,0.999,0.2,208,nsmallest,60.5549,1.20096,0.99
2000-08-05/2022-12-31,3,6,1,0.998,0.2,208,nsmallest,60.47158,1.20094,0.98
2000-08-04/2022-12-31,6,5,1,0.999,0.2,208,nsmallest,60.09081,1.20057,0.99
2000-08-02/2022-12-31,4,5,2,0.999,0.2,208,nsmallest,60.11151,1.20054,0.99
2000-08-01/2022-12-31,3,5,2,0.999,0.2,208,nsmallest,60.1166,1.20051,1.0
2000-08-08/2022-12-31,3,4,2,0.998,0.2,208,nsmallest,59.48931,1.20014,0.98
2000-08-05/2022-12-31,5,2,2,0.999,0.2,208,nsmallest,59.47691,1.20005,1.0
2000-08-05/2022-12-31,3,7,1,0.997,0.2,208,nsmallest,59.43015,1.20001,1.0
2000-08-05/2022-12-31,2,10,1,0.999,0.2,208,nsmallest,58.7798,1.19942,0.97
2000-08-09/2022-12-31,5,10,1,0.999,0.2,208,nsmallest,58.60304,1.19936,0.94
2000-08-02/2022-12-31,4,10,2,0.998,0.2,208,nsmallest,58.77874,1.19934,0.99
2000-08-03/2022-12-31,5,4,1,0.997,0.2,208,nsmallest,58.68372,1.19928,0.99
2000-08-01/2022-12-31,7,5,2,0.998,0.2,208,nsmallest,58.64394,1.19919,0.96
2000-08-03/2022-12-31,7,4,2,0.998,0.2,208,nsmallest,58.4863,1.19909,0.99
2000-08-04/2022-12-31,3,4,2,0.998,0.2,208,nsmallest,58.44344,1.19908,1.0
2000-08-02/2022-12-31,3,4,1,0.997,0.2,208,nsmallest,58.48932,1.19907,0.97
2000-08-05/2022-12-31,3,5,2,0.997,0.2,208,nsmallest,58.39265,1.19906,0.94
2000-08-04/2022-12-31,4,3,2,0.999,0.2,208,nsmallest,58.3288,1.19898,1.0
2000-08-09/2022-12-31,6,2,1,0.999,0.2,208,nsmallest,57.9588,1.19877,0.98
2000-08-09/2022-12-31,3,4,2,0.998,0.2,208,nsmallest,57.7595,1.19859,0.99
2000-08-09/2022-12-31,4,10,1,0.998,0.2,208,nsmallest,57.707,1.19854,0.96
2000-08-01/2022-12-31,7,10,1,0.997,0.2,208,nsmallest,57.82346,1.19843,0.99
2000-08-04/2022-12-31,5,10,1,0.997,0.2,208,nsmallest,57.53341,1.19824,0.99
2000-08-03/2022-12-31,7,3,2,0.999,0.2,208,nsmallest,57.43884,1.19813,0.99
2000-08-02/2022-12-31,2,5,2,0.998,0.2,208,nsmallest,57.30464,1.19798,1.0
2000-08-05/2022-12-31,4,3,2,0.998,0.2,208,nsmallest,57.20556,1.19796,0.99
2000-08-01/2022-12-31,3,3,2,0.999,0.2,208,nsmallest,57.16192,1.19782,1.0
2000-08-02/2022-12-31,4,5,1,0.998,0.2,208,nsmallest,57.05832,1.19775,0.99
2000-08-09/2022-12-31,3,3,2,0.999,0.2,208,nsmallest,56.83919,1.19773,0.99
2000-08-05/2022-12-31,2,5,2,0.999,0.2,208,nsmallest,56.89697,1.19767,0.99
2000-08-03/2022-12-31,7,7,1,0.998,0.2,208,nsmallest,56.90344,1.19763,0.99
2000-08-08/2022-12-31,2,5,2,0.997,0.2,208,nsmallest,56.70807,1.19758,0.99
2000-08-07/2022-12-31,2,5,2,0.997,0.2,208,nsmallest,56.70807,1.19755,0.99
2000-08-06/2022-12-31,2,5,2,0.997,0.2,208,nsmallest,56.70807,1.19752,0.99
2000-08-09/2022-12-31,6,6,1,0.999,0.2,208,nsmallest,56.612,1.19751,0.99
2000-08-09/2022-12-31,3,6,2,0.999,0.2,208,nsmallest,56.49359,1.1974,0.99
2000-08-02/2022-12-31,2,6,1,0.999,0.2,208,nsmallest,56.64781,1.19736,1.0
2000-08-01/2022-12-31,3,7,1,0.998,0.2,208,nsmallest,56.59066,1.19728,0.99
2000-08-02/2022-12-31,4,7,1,0.997,0.2,208,nsmallest,56.41701,1.19714,0.99
2000-08-05/2022-12-31,7,5,1,0.997,0.2,208,nsmallest,56.23878,1.19705,0.99
2000-08-01/2022-12-31,6,2,2,0.999,0.2,208,nsmallest,56.19868,1.19691,1.0
2000-08-02/2022-12-31,5,2,2,0.997,0.2,208,nsmallest,56.07942,1.19682,1.0
2000-08-02/2022-12-31,6,2,1,0.999,0.2,208,nsmallest,55.87364,1.19663,0.98
2000-08-02/2022-12-31,3,6,1,0.998,0.2,208,nsmallest,55.87157,1.19662,0.99
2000-08-04/2022-12-31,4,7,1,0.998,0.2,208,nsmallest,55.78778,1.1966,0.99
2000-08-02/2022-12-31,4,10,2,0.999,0.2,208,nsmallest,55.61646,1.19638,0.98
2000-08-04/2022-12-31,7,4,2,0.997,0.2,208,nsmallest,55.45116,1.19627,1.0
2000-08-01/2022-12-31,3,10,1,0.998,0.2,208,nsmallest,55.23938,1.19599,0.98
2000-08-05/2022-12-31,3,7,1,0.998,0.2,208,nsmallest,55.08125,1.19594,1.0
2000-08-01/2022-12-31,4,7,2,0.997,0.2,208,nsmallest,55.08198,1.19584,0.97
2000-08-09/2022-12-31,4,7,2,0.999,0.2,208,nsmallest,54.74502,1.19572,1.0
2000-08-09/2022-12-31,5,2,1,0.999,0.2,208,nsmallest,54.66817,1.19564,1.0
2000-08-01/2022-12-31,5,6,1,0.998,0.2,208,nsmallest,54.77622,1.19554,0.97
2000-08-07/2022-12-31,3,7,1,0.998,0.2,208,nsmallest,54.61416,1.19554,0.98
2000-08-06/2022-12-31,3,7,1,0.998,0.2,208,nsmallest,54.61416,1.19551,0.98
2000-08-07/2022-12-31,3,3,2,0.997,0.2,208,nsmallest,54.57667,1.1955,1.0
2000-08-06/2022-12-31,3,3,2,0.997,0.2,208,nsmallest,54.57667,1.19548,1.0
2000-08-03/2022-12-31,2,5,2,0.998,0.2,208,nsmallest,54.5748,1.1954,0.98
2000-08-02/2022-12-31,6,5,1,0.998,0.2,208,nsmallest,54.60155,1.1954,0.94
2000-08-07/2022-12-31,3,4,2,0.997,0.2,208,nsmallest,54.47117,1.1954,0.99
2000-08-06/2022-12-31,3,4,2,0.997,0.2,208,nsmallest,54.47117,1.19537,0.99
2000-08-08/2022-12-31,2,6,2,0.998,0.2,208,nsmallest,54.33097,1.19529,0.99
2000-08-07/2022-12-31,2,6,2,0.998,0.2,208,nsmallest,54.33097,1.19526,0.99
2000-08-06/2022-12-31,2,6,2,0.998,0.2,208,nsmallest,54.33097,1.19524,0.99
2000-08-04/2022-12-31,4,7,1,0.999,0.2,208,nsmallest,54.37049,1.19522,0.98
2000-08-09/2022-12-31,3,7,1,0.999,0.2,208,nsmallest,54.21792,1.1952,1.0
2000-08-04/2022-12-31,2,10,1,0.999,0.2,208,nsmallest,54.2624,1.19512,0.99
2000-08-07/2022-12-31,5,6,2,0.999,0.2,208,nsmallest,54.09334,1.19503,1.0
2000-08-06/2022-12-31,5,6,2,0.999,0.2,208,nsmallest,54.09334,1.195,1.0
2000-08-04/2022-12-31,7,6,1,0.999,0.2,208,nsmallest,53.98107,1.19484,0.99
2000-08-05/2022-12-31,2,10,2,0.999,0.2,208,nsmallest,53.61031,1.1945,0.98
2000-08-02/2022-12-31,2,5,1,0.998,0.2,208,nsmallest,53.64685,1.19446,1.0
2000-08-07/2022-12-31,4,2,2,0.997,0.2,208,nsmallest,53.51212,1.19445,1.0
2000-08-06/2022-12-31,4,2,2,0.997,0.2,208,nsmallest,53.51212,1.19443,1.0
2000-08-03/2022-12-31,4,7,2,0.997,0.2,208,nsmallest,53.56084,1.1944,1.0
2000-08-08/2022-12-31,3,3,2,0.997,0.2,208,nsmallest,53.40546,1.19437,1.0
2000-08-04/2022-12-31,6,4,1,0.999,0.2,208,nsmallest,53.43205,1.19429,0.99
2000-08-08/2022-12-31,3,7,1,0.998,0.2,208,nsmallest,53.13718,1.1941,0.96
2000-08-02/2022-12-31,2,4,2,0.999,0.2,208,nsmallest,53.2078,1.19402,0.99
2000-08-08/2022-12-31,3,4,2,0.997,0.2,208,nsmallest,53.00588,1.19397,0.98
2000-08-08/2022-12-31,4,2,2,0.997,0.2,208,nsmallest,52.9761,1.19394,1.0
2000-08-08/2022-12-31,5,6,2,0.999,0.2,208,nsmallest,52.89703,1.19386,0.99
2000-08-09/2022-12-31,3,5,2,0.998,0.2,208,nsmallest,52.80199,1.19379,1.0
2000-08-04/2022-12-31,7,2,2,0.997,0.2,208,nsmallest,52.90009,1.19376,0.98
2000-08-02/2022-12-31,5,4,1,0.997,0.2,208,nsmallest,52.88468,1.19369,0.97
2000-08-01/2022-12-31,5,5,2,0.997,0.2,208,nsmallest,52.89524,1.19368,0.99
2000-08-09/2022-12-31,6,3,1,0.999,0.2,208,nsmallest,52.56729,1.19355,1.0
2000-08-01/2022-12-31,4,6,1,0.998,0.2,208,nsmallest,52.7351,1.19352,0.97
2000-08-04/2022-12-31,5,2,1,0.998,0.2,208,nsmallest,52.55546,1.19341,0.99
2000-08-01/2022-12-31,3,3,1,0.998,0.2,208,nsmallest,52.56029,1.19334,1.0
2000-08-05/2022-12-31,3,2,2,0.997,0.2,208,nsmallest,52.23177,1.19311,0.99
2000-08-03/2022-12-31,4,3,2,0.997,0.2,208,nsmallest,52.28714,1.19311,1.0
2000-08-09/2022-12-31,5,10,1,0.998,0.2,208,nsmallest,52.07467,1.19305,0.93
2000-08-02/2022-12-31,7,2,2,0.998,0.2,208,nsmallest,52.19826,1.193,1.0
2000-08-02/2022-12-31,2,6,2,0.998,0.2,208,nsmallest,52.1278,1.19293,1.0
2000-08-03/2022-12-31,2,4,2,0.997,0.2,208,nsmallest,51.97099,1.19279,0.99
2000-08-02/2022-12-31,6,7,2,0.997,0.2,208,nsmallest,51.86643,1.19266,0.93
2000-08-02/2022-12-31,4,10,2,0.997,0.2,208,nsmallest,51.66591,1.19245,0.99
2000-08-05/2022-12-31,5,3,2,0.998,0.2,208,nsmallest,51.56132,1.19242,1.0
2000-08-04/2022-12-31,7,7,1,0.998,0.2,208,nsmallest,51.32714,1.19215,0.98
2000-08-03/2022-12-31,5,2,2,0.998,0.2,208,nsmallest,51.28807,1.19209,0.99
2000-08-01/2022-12-31,3,5,1,0.997,0.2,208,nsmallest,51.33205,1.19208,1.0
2000-08-05/2022-12-31,4,5,2,0.998,0.2,208,nsmallest,51.01213,1.19185,0.99
2000-08-04/2022-12-31,2,10,1,0.998,0.2,208,nsmallest,51.03728,1.19185,1.0
2000-08-09/2022-12-31,5,4,1,0.997,0.2,208,nsmallest,50.83665,1.19177,0.99
2000-08-03/2022-12-31,3,6,2,0.997,0.2,208,nsmallest,50.92749,1.19171,1.0
2000-08-09/2022-12-31,3,3,1,0.998,0.2,208,nsmallest,50.77026,1.1917,1.0
2000-08-03/2022-12-31,3,7,1,0.998,0.2,208,nsmallest,50.89854,1.19168,0.95
2000-08-02/2022-12-31,6,6,1,0.999,0.2,208,nsmallest,50.86015,1.19162,0.98
2000-08-04/2022-12-31,3,5,2,0.997,0.2,208,nsmallest,50.72308,1.19152,0.99
2000-08-05/2022-12-31,3,7,2,0.998,0.2,208,nsmallest,50.68054,1.19151,0.99
2000-08-07/2022-12-31,6,3,1,0.998,0.2,208,nsmallest,50.59655,1.19147,1.0
2000-08-03/2022-12-31,4,5,1,0.998,0.2,208,nsmallest,50.67197,1.19145,0.98
2000-08-06/2022-12-31,6,3,1,0.998,0.2,208,nsmallest,50.59655,1.19144,1.0
2000-08-01/2022-12-31,5,4,2,0.999,0.2,208,nsmallest,50.34788,1.19105,1.0
2000-08-07/2022-12-31,3,7,2,0.998,0.2,208,nsmallest,50.19372,1.19104,1.0
2000-08-06/2022-12-31,3,7,2,0.998,0.2,208,nsmallest,50.19372,1.19102,1.0
2000-08-02/2022-12-31,5,4,2,0.999,0.2,208,nsmallest,50.26337,1.19099,0.98
2000-08-02/2022-12-31,4,6,2,0.997,0.2,208,nsmallest,50.23159,1.19096,0.99
2000-08-09/2022-12-31,7,6,2,0.998,0.2,208,nsmallest,49.93696,1.19082,1.0
2000-08-01/2022-12-31,5,3,1,0.997,0.2,208,nsmallest,50.08341,1.19077,0.9
2000-08-08/2022-12-31,6,3,1,0.998,0.2,208,nsmallest,49.85838,1.19071,1.0
2000-08-04/2022-12-31,2,2,2,0.998,0.2,208,nsmallest,49.93462,1.19069,0.98
2000-08-09/2022-12-31,3,7,1,0.998,0.2,208,nsmallest,49.78535,1.19066,1.0
2000-08-07/2022-12-31,3,6,2,0.998,0.2,208,nsmallest,49.57058,1.19038,1.0
2000-08-06/2022-12-31,3,6,2,0.998,0.2,208,nsmallest,49.57058,1.19035,1.0
2000-08-05/2022-12-31,7,5,2,0.999,0.2,208,nsmallest,49.5705,1.19033,0.99
2000-08-09/2022-12-31,6,2,1,0.998,0.2,208,nsmallest,49.33554,1.19018,0.98
2000-08-04/2022-12-31,5,10,2,0.999,0.2,208,nsmallest,49.35998,1.19008,0.99
2000-08-02/2022-12-31,7,3,1,0.998,0.2,208,nsmallest,49.23077,1.18989,0.95
2000-08-05/2022-12-31,7,7,2,0.999,0.2,208,nsmallest,48.99016,1.1897,1.0
2000-08-01/2022-12-31,5,10,1,0.997,0.2,208,nsmallest,49.00861,1.18962,0.99
2000-08-08/2022-12-31,3,7,2,0.998,0.2,208,nsmallest,48.6873,1.18945,1.0
2000-08-01/2022-12-31,4,6,1,0.997,0.2,208,nsmallest,48.834,1.18943,0.97
2000-08-07/2022-12-31,5,5,1,0.999,0.2,208,nsmallest,48.53658,1.18926,0.99
2000-08-08/2022-12-31,5,5,1,0.999,0.2,208,nsmallest,48.48804,1.18923,0.99
2000-08-06/2022-12-31,5,5,1,0.999,0.2,208,nsmallest,48.53658,1.18923,0.99
2000-08-08/2022-12-31,3,6,2,0.998,0.2,208,nsmallest,48.46515,1.18921,0.99
2000-08-04/2022-12-31,6,4,2,0.999,0.2,208,nsmallest,48.30095,1.18893,0.99
2000-08-01/2022-12-31,7,5,2,0.997,0.2,208,nsmallest,48.32824,1.18888,0.95
2000-08-08/2022-12-31,2,10,2,0.999,0.2,208,nsmallest,48.07196,1.18877,1.0
2000-08-07/2022-12-31,2,10,2,0.999,0.2,208,nsmallest,48.07196,1.18875,1.0
2000-08-03/2022-12-31,4,2,2,0.998,0.2,208,nsmallest,48.15343,1.18874,1.0
2000-08-06/2022-12-31,2,10,2,0.999,0.2,208,nsmallest,48.07196,1.18872,1.0
2000-08-08/2022-12-31,6,4,2,0.999,0.2,208,nsmallest,47.96022,1.18865,0.99
2000-08-07/2022-12-31,5,3,2,0.997,0.2,208,nsmallest,47.97394,1.18864,1.0
2000-08-07/2022-12-31,6,4,2,0.999,0.2,208,nsmallest,47.96022,1.18862,0.99
2000-08-06/2022-12-31,5,3,2,0.997,0.2,208,nsmallest,47.97394,1.18862,1.0
2000-08-06/2022-12-31,6,4,2,0.999,0.2,208,nsmallest,47.96022,1.1886,0.99
2000-08-08/2022-12-31,5,3,2,0.997,0.2,208,nsmallest,47.90187,1.18859,1.0
2000-08-05/2022-12-31,7,7,1,0.999,0.2,208,nsmallest,47.96614,1.18858,0.99
2000-08-09/2022-12-31,5,5,1,0.998,0.2,208,nsmallest,47.84469,1.18855,1.0
2000-08-03/2022-12-31,4,5,1,0.999,0.2,208,nsmallest,47.75488,1.1883,0.98
2000-08-09/2022-12-31,7,5,1,0.999,0.2,208,nsmallest,47.58328,1.18826,0.99
2000-08-03/2022-12-31,4,6,2,0.999,0.2,208,nsmallest,47.64886,1.18818,0.97
2000-08-01/2022-12-31,3,10,1,0.997,0.2,208,nsmallest,47.55097,1.18802,0.98
2000-08-08/2022-12-31,7,7,2,0.999,0.2,208,nsmallest,47.33623,1.18796,1.0
2000-08-07/2022-12-31,7,7,2,0.999,0.2,208,nsmallest,47.33623,1.18793,1.0
2000-08-06/2022-12-31,7,7,2,0.999,0.2,208,nsmallest,47.33623,1.18791,1.0
2000-08-05/2022-12-31,2,7,2,0.999,0.2,208,nsmallest,47.20434,1.18773,0.98
2000-08-09/2022-12-31,5,2,2,0.999,0.2,208,nsmallest,47.06394,1.18767,1.0
2000-08-08/2022-12-31,4,5,1,0.999,0.2,208,nsmallest,46.97118,1.18754,0.99
2000-08-07/2022-12-31,4,5,1,0.999,0.2,208,nsmallest,46.97118,1.18752,0.99
2000-08-06/2022-12-31,4,5,1,0.999,0.2,208,nsmallest,46.97118,1.18749,0.99
2000-08-07/2022-12-31,5,7,1,0.997,0.2,208,nsmallest,46.94587,1.18749,0.96
2000-08-06/2022-12-31,5,7,1,0.997,0.2,208,nsmallest,46.94587,1.18747,0.96
2000-08-02/2022-12-31,7,4,2,0.999,0.2,208,nsmallest,47.0235,1.18745,0.98
2000-08-09/2022-12-31,5,3,2,0.998,0.2,208,nsmallest,46.86001,1.18744,0.99
2000-08-03/2022-12-31,3,5,2,0.998,0.2,208,nsmallest,46.90768,1.18735,0.99
2000-08-05/2022-12-31,2,7,1,0.999,0.2,208,nsmallest,46.85077,1.18733,0.98
2000-08-03/2022-12-31,5,6,2,0.999,0.2,208,nsmallest,46.88664,1.18732,0.99
2000-08-05/2022-12-31,4,6,2,0.997,0.2,208,nsmallest,46.67485,1.18713,0.97
2000-08-05/2022-12-31,4,3,2,0.997,0.2,208,nsmallest,46.52281,1.18696,0.99
2000-08-02/2022-12-31,2,4,2,0.998,0.2,208,nsmallest,46.51553,1.18688,0.99
2000-08-02/2022-12-31,2,6,1,0.998,0.2,208,nsmallest,46.40607,1.18675,1.0
2000-08-09/2022-12-31,5,4,1,0.998,0.2,208,nsmallest,46.11972,1.1866,0.99
2000-08-03/2022-12-31,2,5,2,0.997,0.2,208,nsmallest,46.21145,1.18656,0.99
2000-08-08/2022-12-31,6,6,2,0.998,0.2,208,nsmallest,46.04295,1.18649,0.99
2000-08-07/2022-12-31,6,3,1,0.997,0.2,208,nsmallest,46.0531,1.18647,1.0
2000-08-07/2022-12-31,6,6,2,0.998,0.2,208,nsmallest,46.04295,1.18646,0.99
2000-08-06/2022-12-31,6,3,1,0.997,0.2,208,nsmallest,46.0531,1.18645,1.0
2000-08-06/2022-12-31,6,6,2,0.998,0.2,208,nsmallest,46.04295,1.18644,0.99
2000-08-05/2022-12-31,3,7,2,0.997,0.2,208,nsmallest,46.04854,1.18642,0.99
2000-08-02/2022-12-31,3,10,1,0.999,0.2,208,nsmallest,45.85084,1.18612,1.0
2000-08-02/2022-12-31,5,6,2,0.998,0.2,208,nsmallest,45.78761,1.18604,1.0
2000-08-09/2022-12-31,7,3,2,0.999,0.2,208,nsmallest,45.51115,1.1859,0.99
2000-08-02/2022-12-31,6,3,2,0.997,0.2,208,nsmallest,45.64136,1.18587,0.99
2000-08-03/2022-12-31,5,4,2,0.998,0.2,208,nsmallest,45.58444,1.18583,0.99
2000-08-07/2022-12-31,5,6,2,0.998,0.2,208,nsmallest,45.49937,1.18583,1.0
2000-08-06/2022-12-31,5,6,2,0.998,0.2,208,nsmallest,45.49937,1.18581,1.0
2000-08-03/2022-12-31,7,4,2,0.997,0.2,208,nsmallest,45.56446,1.18581,0.99
2000-08-01/2022-12-31,3,7,1,0.997,0.2,208,nsmallest,45.54411,1.18574,0.99
2000-08-08/2022-12-31,6,3,1,0.997,0.2,208,nsmallest,45.33574,1.18567,1.0
2000-08-04/2022-12-31,6,2,2,0.998,0.2,208,nsmallest,45.40677,1.18565,1.0
2000-08-09/2022-12-31,4,10,1,0.997,0.2,208,nsmallest,45.15806,1.18548,0.96
2000-08-05/2022-12-31,6,4,1,0.999,0.2,208,nsmallest,45.16181,1.18539,0.97
2000-08-09/2022-12-31,6,3,1,0.998,0.2,208,nsmallest,44.94308,1.18523,1.0
2000-08-01/2022-12-31,2,5,2,0.998,0.2,208,nsmallest,44.87736,1.18496,0.99
2000-08-08/2022-12-31,5,7,1,0.997,0.2,208,nsmallest,44.72481,1.18495,0.94
2000-08-09/2022-12-31,5,7,2,0.999,0.2,208,nsmallest,44.6587,1.1849,0.99
2000-08-08/2022-12-31,5,6,2,0.998,0.2,208,nsmallest,44.47035,1.18465,0.99
2000-08-02/2022-12-31,6,5,1,0.997,0.2,208,nsmallest,44.56738,1.18462,0.93
2000-08-03/2022-12-31,6,4,2,0.999,0.2,208,nsmallest,44.442,1.18449,0.99
2000-08-05/2022-12-31,7,6,1,0.999,0.2,208,nsmallest,44.23087,1.18429,0.97
2000-08-05/2022-12-31,6,6,1,0.999,0.2,208,nsmallest,44.11349,1.18415,0.99
2000-08-03/2022-12-31,3,7,1,0.997,0.2,208,nsmallest,43.98956,1.18395,0.95
2000-08-05/2022-12-31,3,6,2,0.997,0.2,208,nsmallest,43.8775,1.18386,0.98
2000-08-08/2022-12-31,2,7,1,0.998,0.2,208,nsmallest,43.80236,1.18385,0.97
2000-08-07/2022-12-31,2,7,1,0.998,0.2,208,nsmallest,43.80236,1.18382,0.97
2000-08-06/2022-12-31,2,7,1,0.998,0.2,208,nsmallest,43.80236,1.1838,0.97
2000-08-04/2022-12-31,6,3,2,0.998,0.2,208,nsmallest,43.77512,1.18372,0.98
2000-08-01/2022-12-31,2,6,2,0.999,0.2,208,nsmallest,43.77241,1.18364,1.0
2000-08-03/2022-12-31,5,2,2,0.997,0.2,208,nsmallest,43.72904,1.18364,0.99
2000-08-01/2022-12-31,3,3,1,0.997,0.2,208,nsmallest,43.77182,1.18364,1.0
2000-08-04/2022-12-31,7,3,1,0.999,0.2,208,nsmallest,43.6913,1.18361,0.99
2000-08-01/2022-12-31,7,4,1,0.999,0.2,208,nsmallest,43.65924,1.1835,0.96
2000-08-05/2022-12-31,3,6,1,0.997,0.2,208,nsmallest,43.51059,1.18342,0.99
2000-08-07/2022-12-31,3,6,2,0.997,0.2,208,nsmallest,43.45399,1.1834,1.0
2000-08-06/2022-12-31,3,6,2,0.997,0.2,208,nsmallest,43.45399,1.18338,1.0
2000-08-01/2022-12-31,7,10,1,0.999,0.2,208,nsmallest,43.54422,1.18336,0.99
2000-08-02/2022-12-31,4,5,1,0.997,0.2,208,nsmallest,43.48529,1.18332,0.99
2000-08-08/2022-12-31,2,3,1,0.997,0.2,208,nsmallest,43.32476,1.18327,0.99
2000-08-09/2022-12-31,7,6,2,0.997,0.2,208,nsmallest,43.29811,1.18326,1.0
2000-08-07/2022-12-31,2,3,1,0.997,0.2,208,nsmallest,43.32476,1.18324,0.99
2000-08-02/2022-12-31,7,10,1,0.999,0.2,208,nsmallest,43.40384,1.18322,0.97
2000-08-06/2022-12-31,2,3,1,0.997,0.2,208,nsmallest,43.32476,1.18322,0.99
2000-08-09/2022-12-31,3,5,2,0.997,0.2,208,nsmallest,43.26736,1.18322,1.0
2000-08-04/2022-12-31,4,3,2,0.998,0.2,208,nsmallest,43.29965,1.18314,1.0
2000-08-04/2022-12-31,5,5,2,0.997,0.2,208,nsmallest,43.28254,1.18312,0.98
2000-08-08/2022-12-31,6,7,2,0.999,0.2,208,nsmallest,43.13838,1.18304,0.97
2000-08-07/2022-12-31,6,7,2,0.999,0.2,208,nsmallest,43.13838,1.18302,0.97
2000-08-06/2022-12-31,6,7,2,0.999,0.2,208,nsmallest,43.13838,1.18299,0.97
2000-08-02/2022-12-31,3,6,1,0.997,0.2,208,nsmallest,43.0788,1.18282,0.99
2000-08-09/2022-12-31,3,4,2,0.997,0.2,208,nsmallest,42.87328,1.18274,0.99
2000-08-01/2022-12-31,2,3,1,0.997,0.2,208,nsmallest,43.02235,1.18273,0.99
2000-08-09/2022-12-31,3,7,2,0.999,0.2,208,nsmallest,42.68186,1.1825,1.0
2000-08-05/2022-12-31,7,5,2,0.998,0.2,208,nsmallest,42.71137,1.18244,0.99
2000-08-01/2022-12-31,7,4,2,0.999,0.2,208,nsmallest,42.75568,1.1824,0.99
2000-08-08/2022-12-31,3,6,2,0.997,0.2,208,nsmallest,42.44239,1.18218,0.99
2000-08-05/2022-12-31,7,2,2,0.999,0.2,208,nsmallest,42.4106,1.18207,0.99
2000-08-08/2022-12-31,7,7,2,0.998,0.2,208,nsmallest,42.29989,1.182,1.0
2000-08-07/2022-12-31,7,7,2,0.998,0.2,208,nsmallest,42.29989,1.18198,1.0
2000-08-06/2022-12-31,7,7,2,0.998,0.2,208,nsmallest,42.29989,1.18195,1.0
2000-08-09/2022-12-31,3,3,1,0.997,0.2,208,nsmallest,42.23873,1.18195,1.0
2000-08-09/2022-12-31,6,6,1,0.998,0.2,208,nsmallest,42.23159,1.18194,0.99
2000-08-07/2022-12-31,5,5,2,0.999,0.2,208,nsmallest,42.12929,1.18177,1.0
2000-08-08/2022-12-31,5,5,2,0.999,0.2,208,nsmallest,42.10822,1.18176,1.0
2000-08-06/2022-12-31,5,5,2,0.999,0.2,208,nsmallest,42.12929,1.18174,1.0
2000-08-01/2022-12-31,6,3,2,0.999,0.2,208,nsmallest,42.19691,1.18171,0.98
2000-08-04/2022-12-31,5,2,1,0.997,0.2,208,nsmallest,42.13195,1.1817,0.99
2000-08-04/2022-12-31,3,4,2,0.997,0.2,208,nsmallest,41.96383,1.18149,0.99
2000-08-03/2022-12-31,5,6,1,0.997,0.2,208,nsmallest,41.90629,1.18139,0.97
2000-08-05/2022-12-31,2,10,1,0.998,0.2,208,nsmallest,41.75607,1.18125,0.97
2000-08-09/2022-12-31,3,6,2,0.998,0.2,208,nsmallest,41.65839,1.18122,0.99
2000-08-05/2022-12-31,2,5,2,0.998,0.2,208,nsmallest,41.69864,1.18118,0.99
2000-08-04/2022-12-31,2,7,2,0.999,0.2,208,nsmallest,41.64304,1.18108,1.0
2000-08-02/2022-12-31,4,4,2,0.997,0.2,208,nsmallest,41.60612,1.18099,1.0
2000-08-03/2022-12-31,6,5,1,0.998,0.2,208,nsmallest,41.58491,1.18098,0.98
2000-08-02/2022-12-31,7,6,1,0.999,0.2,208,nsmallest,41.56982,1.18094,0.99
2000-08-08/2022-12-31,4,5,2,0.999,0.2,208,nsmallest,41.38985,1.18086,0.98
2000-08-07/2022-12-31,4,5,2,0.999,0.2,208,nsmallest,41.38985,1.18083,0.98
2000-08-06/2022-12-31,4,5,2,0.999,0.2,208,nsmallest,41.38985,1.18081,0.98
2000-08-01/2022-12-31,5,6,2,0.999,0.2,208,nsmallest,41.47628,1.1808,0.97
2000-08-04/2022-12-31,6,5,1,0.998,0.2,208,nsmallest,41.26311,1.1806,0.99
2000-08-05/2022-12-31,7,4,2,0.999,0.2,208,nsmallest,41.15827,1.18049,0.99
2000-08-04/2022-12-31,5,10,2,0.998,0.2,208,nsmallest,41.10685,1.1804,0.99
2000-08-03/2022-12-31,7,3,2,0.998,0.2,208,nsmallest,41.04664,1.1803,0.99
2000-08-03/2022-12-31,2,6,2,0.999,0.2,208,nsmallest,40.9408,1.18016,0.98
2000-08-03/2022-12-31,6,2,2,0.998,0.2,208,nsmallest,40.866,1.18006,0.98
2000-08-01/2022-12-31,3,10,2,0.999,0.2,208,nsmallest,40.81412,1.17995,0.98
2000-08-05/2022-12-31,4,7,1,0.998,0.2,208,nsmallest,40.70384,1.1799,0.97
2000-08-07/2022-12-31,6,4,2,0.998,0.2,208,nsmallest,40.55453,1.17976,0.99
2000-08-08/2022-12-31,6,4,2,0.998,0.2,208,nsmallest,40.5375,1.17976,0.99
2000-08-06/2022-12-31,6,4,2,0.998,0.2,208,nsmallest,40.55453,1.17973,0.99
2000-08-05/2022-12-31,5,5,2,0.999,0.2,208,nsmallest,40.46169,1.17959,1.0
2000-08-01/2022-12-31,2,5,1,0.997,0.2,208,nsmallest,40.17227,1.17912,0.98
2000-08-05/2022-12-31,4,5,2,0.997,0.2,208,nsmallest,40.08436,1.1791,0.99
2000-08-03/2022-12-31,7,7,1,0.997,0.2,208,nsmallest,40.1042,1.17907,0.99
2000-08-02/2022-12-31,7,2,2,0.997,0.2,208,nsmallest,40.09833,1.17904,1.0
2000-08-05/2022-12-31,5,2,2,0.998,0.2,208,nsmallest,40.02487,1.17902,1.0
2000-08-09/2022-12-31,5,10,1,0.997,0.2,208,nsmallest,39.89127,1.17894,0.93
2000-08-04/2022-12-31,5,2,2,0.998,0.2,208,nsmallest,39.87574,1.1788,0.99
2000-08-02/2022-12-31,2,5,2,0.997,0.2,208,nsmallest,39.85189,1.17872,1.0
2000-08-04/2022-12-31,6,4,1,0.998,0.2,208,nsmallest,39.75675,1.17864,0.99
2000-08-01/2022-12-31,3,5,2,0.998,0.2,208,nsmallest,39.80563,1.17863,1.0
2000-08-01/2022-12-31,3,3,2,0.998,0.2,208,nsmallest,39.73603,1.17854,1.0
2000-08-04/2022-12-31,7,6,1,0.998,0.2,208,nsmallest,39.5029,1.1783,0.99
2000-08-04/2022-12-31,4,7,1,0.997,0.2,208,nsmallest,39.49614,1.17829,0.99
2000-08-04/2022-12-31,6,2,1,0.998,0.2,208,nsmallest,39.46571,1.17825,1.0
2000-08-09/2022-12-31,4,7,2,0.998,0.2,208,nsmallest,39.24088,1.17807,1.0
2000-08-04/2022-12-31,6,6,1,0.999,0.2,208,nsmallest,39.1833,1.17788,0.97
2000-08-09/2022-12-31,4,3,2,0.997,0.2,208,nsmallest,39.08191,1.17786,1.0
2000-08-07/2022-12-31,3,7,1,0.997,0.2,208,nsmallest,39.09971,1.17783,0.97
2000-08-06/2022-12-31,3,7,1,0.997,0.2,208,nsmallest,39.09971,1.17781,0.97
2000-08-01/2022-12-31,7,4,1,0.998,0.2,208,nsmallest,39.1721,1.17779,0.96
2000-08-09/2022-12-31,7,3,2,0.998,0.2,208,nsmallest,38.99709,1.17774,0.99
2000-08-09/2022-12-31,3,3,2,0.998,0.2,208,nsmallest,38.93903,1.17767,0.99
2000-08-02/2022-12-31,5,4,2,0.998,0.2,208,nsmallest,38.96825,1.17754,0.98
2000-08-09/2022-12-31,7,6,2,0.999,0.2,208,nsmallest,38.84982,1.17754,1.0
2000-08-01/2022-12-31,7,4,2,0.998,0.2,208,nsmallest,38.61822,1.17704,0.99
2000-08-03/2022-12-31,5,6,2,0.998,0.2,208,nsmallest,38.55992,1.17701,0.99
2000-08-01/2022-12-31,7,3,2,0.999,0.2,208,nsmallest,38.5259,1.17692,1.0
2000-08-03/2022-12-31,6,2,2,0.997,0.2,208,nsmallest,38.43184,1.17684,0.98
2000-08-05/2022-12-31,2,10,2,0.998,0.2,208,nsmallest,38.38932,1.17682,0.98
2000-08-05/2022-12-31,5,5,1,0.998,0.2,208,nsmallest,38.36742,1.17679,0.99
2000-08-09/2022-12-31,3,10,2,0.999,0.2,208,nsmallest,38.2988,1.17679,0.97
2000-08-08/2022-12-31,6,5,2,0.999,0.2,208,nsmallest,38.30094,1.17677,0.99
2000-08-07/2022-12-31,6,5,2,0.999,0.2,208,nsmallest,38.30094,1.17675,0.99
2000-08-04/2022-12-31,6,5,1,0.997,0.2,208,nsmallest,38.34242,1.17674,0.99
2000-08-06/2022-12-31,6,5,2,0.999,0.2,208,nsmallest,38.30094,1.17673,0.99
2000-08-09/2022-12-31,7,4,2,0.999,0.2,208,nsmallest,38.24141,1.17672,0.99
2000-08-02/2022-12-31,2,4,1,0.998,0.2,208,nsmallest,38.35192,1.1767,0.99
2000-08-04/2022-12-31,4,3,1,0.999,0.2,208,nsmallest,38.07362,1.17637,1.0
2000-08-08/2022-12-31,3,7,1,0.997,0.2,208,nsmallest,38.00419,1.17636,0.96
2000-08-01/2022-12-31,5,10,2,0.999,0.2,208,nsmallest,38.08367,1.17631,0.99
2000-08-05/2022-12-31,7,6,1,0.998,0.2,208,nsmallest,38.0188,1.17631,0.96
2000-08-05/2022-12-31,5,2,1,0.998,0.2,208,nsmallest,37.92198,1.17618,0.98
2000-08-02/2022-12-31,4,7,1,0.999,0.2,208,nsmallest,37.96093,1.17616,0.99
2000-08-08/2022-12-31,7,7,2,0.997,0.2,208,nsmallest,37.69843,1.17594,1.0
2000-08-04/2022-12-31,5,10,2,0.997,0.2,208,nsmallest,37.7562,1.17593,0.99
2000-08-07/2022-12-31,7,7,2,0.997,0.2,208,nsmallest,37.69843,1.17592,1.0
2000-08-06/2022-12-31,7,7,2,0.997,0.2,208,nsmallest,37.69843,1.17589,1.0
2000-08-02/2022-12-31,6,4,1,0.999,0.2,208,nsmallest,37.61555,1.17569,0.99
2000-08-09/2022-12-31,6,6,2,0.999,0.2,208,nsmallest,37.48433,1.17566,0.99
2000-08-02/2022-12-31,4,5,2,0.998,0.2,208,nsmallest,37.53289,1.17557,0.99
2000-08-08/2022-12-31,6,6,2,0.997,0.2,208,nsmallest,37.28531,1.17536,0.99
2000-08-07/2022-12-31,6,6,2,0.997,0.2,208,nsmallest,37.28531,1.17534,0.99
2000-08-02/2022-12-31,7,3,2,0.999,0.2,208,nsmallest,37.36331,1.17533,0.99
2000-08-06/2022-12-31,6,6,2,0.997,0.2,208,nsmallest,37.28531,1.17532,0.99
2000-08-01/2022-12-31,5,4,1,0.998,0.2,208,nsmallest,37.33254,1.17527,0.99
2000-08-04/2022-12-31,6,4,2,0.998,0.2,208,nsmallest,37.25729,1.17523,0.99
2000-08-01/2022-12-31,5,6,1,0.997,0.2,208,nsmallest,37.22978,1.17512,0.97
2000-08-04/2022-12-31,2,10,1,0.997,0.2,208,nsmallest,36.92019,1.17475,1.0
2000-08-09/2022-12-31,5,5,1,0.997,0.2,208,nsmallest,36.7918,1.17469,1.0
2000-08-09/2022-12-31,6,6,1,0.997,0.2,208,nsmallest,36.77034,1.17466,0.99
2000-08-05/2022-12-31,5,5,1,0.999,0.2,208,nsmallest,36.81273,1.17462,0.99
2000-08-04/2022-12-31,2,2,1,0.997,0.2,208,nsmallest,36.81208,1.1746,0.98
2000-08-03/2022-12-31,3,5,2,0.997,0.2,208,nsmallest,36.75127,1.17449,0.98
2000-08-02/2022-12-31,2,6,2,0.997,0.2,208,nsmallest,36.72644,1.17443,1.0
2000-08-01/2022-12-31,6,2,2,0.998,0.2,208,nsmallest,36.65029,1.1743,1.0
2000-08-02/2022-12-31,2,4,1,0.999,0.2,208,nsmallest,36.58471,1.17423,0.99
2000-08-04/2022-12-31,2,10,2,0.999,0.2,208,nsmallest,36.54681,1.17422,1.0
2000-08-05/2022-12-31,5,3,2,0.997,0.2,208,nsmallest,36.48003,1.17415,1.0
2000-08-02/2022-12-31,6,2,1,0.998,0.2,208,nsmallest,36.27878,1.17379,0.98
2000-08-08/2022-12-31,2,10,2,0.998,0.2,208,nsmallest,36.13493,1.17372,1.0
2000-08-07/2022-12-31,2,10,2,0.998,0.2,208,nsmallest,36.13493,1.1737,1.0
2000-08-06/2022-12-31,2,10,2,0.998,0.2,208,nsmallest,36.13493,1.17367,1.0
2000-08-05/2022-12-31,5,4,2,0.999,0.2,208,nsmallest,36.04142,1.17351,0.99
2000-08-03/2022-12-31,4,5,1,0.997,0.2,208,nsmallest,36.06072,1.1735,0.98
2000-08-07/2022-12-31,5,5,1,0.998,0.2,208,nsmallest,35.99416,1.17349,0.99
2000-08-06/2022-12-31,5,5,1,0.998,0.2,208,nsmallest,35.99416,1.17347,0.99
2000-08-08/2022-12-31,5,5,1,0.998,0.2,208,nsmallest,35.92217,1.17341,0.99
2000-08-08/2022-12-31,7,10,2,0.999,0.2,208,nsmallest,35.58917,1.17292,0.99
2000-08-04/2022-12-31,7,7,1,0.997,0.2,208,nsmallest,35.63426,1.1729,0.98
2000-08-07/2022-12-31,7,10,2,0.999,0.2,208,nsmallest,35.58917,1.1729,0.99
2000-08-06/2022-12-31,7,10,2,0.999,0.2,208,nsmallest,35.58917,1.17288,0.99
2000-08-09/2022-12-31,6,2,2,0.999,0.2,208,nsmallest,35.48482,1.17279,0.98
2000-08-08/2022-12-31,6,7,2,0.998,0.2,208,nsmallest,35.48244,1.17276,0.97
2000-08-07/2022-12-31,6,7,2,0.998,0.2,208,nsmallest,35.48244,1.17274,0.97
2000-08-06/2022-12-31,6,7,2,0.998,0.2,208,nsmallest,35.48244,1.17272,0.97
2000-08-01/2022-12-31,3,6,2,0.999,0.2,208,nsmallest,35.52456,1.17267,1.0
2000-08-03/2022-12-31,7,2,1,0.999,0.2,208,nsmallest,35.4679,1.17263,0.97
2000-08-07/2022-12-31,5,6,2,0.997,0.2,208,nsmallest,35.31947,1.1725,1.0
2000-08-06/2022-12-31,5,6,2,0.997,0.2,208,nsmallest,35.31947,1.17248,1.0
2000-08-08/2022-12-31,6,5,1,0.999,0.2,208,nsmallest,35.22896,1.17239,0.99
2000-08-07/2022-12-31,6,5,1,0.999,0.2,208,nsmallest,35.22896,1.17237,0.99
2000-08-06/2022-12-31,6,5,1,0.999,0.2,208,nsmallest,35.22896,1.17234,0.99
2000-08-04/2022-12-31,4,3,2,0.997,0.2,208,nsmallest,35.23245,1.1723,1.0
2000-08-09/2022-12-31,3,7,1,0.997,0.2,208,nsmallest,35.13431,1.17227,1.0
2000-08-09/2022-12-31,5,2,1,0.998,0.2,208,nsmallest,35.11714,1.17224,1.0
2000-08-02/2022-12-31,5,6,2,0.997,0.2,208,nsmallest,35.15371,1.17214,1.0
2000-08-09/2022-12-31,6,2,1,0.997,0.2,208,nsmallest,34.7856,1.17175,0.98
2000-08-01/2022-12-31,5,7,1,0.999,0.2,208,nsmallest,34.89401,1.17173,1.0
2000-08-05/2022-12-31,7,7,2,0.998,0.2,208,nsmallest,34.79592,1.17167,1.0
2000-08-09/2022-12-31,6,3,1,0.997,0.2,208,nsmallest,34.67001,1.17157,1.0
2000-08-05/2022-12-31,5,5,2,0.998,0.2,208,nsmallest,34.67225,1.17149,0.99
2000-08-08/2022-12-31,4,5,1,0.998,0.2,208,nsmallest,34.57,1.1714,0.99
2000-08-07/2022-12-31,4,5,1,0.998,0.2,208,nsmallest,34.57,1.17138,0.99
2000-08-02/2022-12-31,7,10,1,0.998,0.2,208,nsmallest,34.64258,1.17137,0.97
2000-08-06/2022-12-31,4,5,1,0.998,0.2,208,nsmallest,34.57,1.17136,0.99
2000-08-08/2022-12-31,5,6,2,0.997,0.2,208,nsmallest,34.50299,1.1713,0.99
2000-08-05/2022-12-31,6,4,1,0.998,0.2,208,nsmallest,34.51821,1.17125,0.97
2000-08-04/2022-12-31,6,10,1,0.999,0.2,208,nsmallest,34.39687,1.17105,0.99
2000-08-02/2022-12-31,3,10,1,0.997,0.2,208,nsmallest,34.3284,1.1709,1.0
2000-08-05/2022-12-31,2,7,1,0.998,0.2,208,nsmallest,34.2842,1.1709,0.97
2000-08-04/2022-12-31,4,7,2,0.998,0.2,208,nsmallest,34.1734,1.17071,0.98
2000-08-05/2022-12-31,7,6,2,0.999,0.2,208,nsmallest,33.98219,1.17044,0.96
2000-08-07/2022-12-31,3,7,2,0.997,0.2,208,nsmallest,33.83709,1.17026,1.0
2000-08-06/2022-12-31,3,7,2,0.997,0.2,208,nsmallest,33.83709,1.17024,1.0
2000-08-08/2022-12-31,2,6,2,0.997,0.2,208,nsmallest,33.77075,1.17018,0.99
2000-08-07/2022-12-31,2,6,2,0.997,0.2,208,nsmallest,33.77075,1.17016,0.99
2000-08-06/2022-12-31,2,6,2,0.997,0.2,208,nsmallest,33.77075,1.17013,0.99
2000-08-05/2022-12-31,7,5,2,0.997,0.2,208,nsmallest,33.70842,1.17001,0.99
2000-08-05/2022-12-31,7,4,2,0.998,0.2,208,nsmallest,33.70379,1.17001,0.99
2000-08-04/2022-12-31,7,6,1,0.997,0.2,208,nsmallest,33.71836,1.17001,0.99
2000-08-02/2022-12-31,5,3,1,0.999,0.2,208,nsmallest,33.7206,1.16997,0.96
2000-08-03/2022-12-31,3,7,2,0.999,0.2,208,nsmallest,33.65793,1.16989,0.98
2000-08-04/2022-12-31,4,7,2,0.999,0.2,208,nsmallest,33.60556,1.16983,0.94
2000-08-02/2022-12-31,7,5,1,0.999,0.2,208,nsmallest,33.53789,1.16968,0.95
2000-08-02/2022-12-31,6,6,1,0.998,0.2,208,nsmallest,33.53048,1.16967,0.98
2000-08-05/2022-12-31,6,2,2,0.999,0.2,208,nsmallest,33.44511,1.1696,1.0
2000-08-03/2022-12-31,6,5,2,0.999,0.2,208,nsmallest,33.45043,1.16957,0.99
2000-08-07/2022-12-31,6,5,2,0.998,0.2,208,nsmallest,33.36289,1.16952,0.99
2000-08-06/2022-12-31,6,5,2,0.998,0.2,208,nsmallest,33.36289,1.1695,0.99
2000-08-03/2022-12-31,5,4,2,0.997,0.2,208,nsmallest,33.38684,1.16947,0.99
2000-08-05/2022-12-31,2,7,2,0.998,0.2,208,nsmallest,33.34896,1.16945,0.98
2000-08-01/2022-12-31,5,7,1,0.998,0.2,208,nsmallest,33.38094,1.16941,1.0
2000-08-05/2022-12-31,7,7,1,0.998,0.2,208,nsmallest,33.31591,1.1694,0.99
2000-08-08/2022-12-31,6,3,2,0.999,0.2,208,nsmallest,33.20962,1.1693,1.0
2000-08-07/2022-12-31,6,3,2,0.999,0.2,208,nsmallest,33.20962,1.16928,1.0
2000-08-06/2022-12-31,6,3,2,0.999,0.2,208,nsmallest,33.20962,1.16926,1.0
2000-08-02/2022-12-31,2,5,1,0.997,0.2,208,nsmallest,33.13801,1.16906,1.0
2000-08-01/2022-12-31,6,7,1,0.999,0.2,208,nsmallest,33.12476,1.16901,0.98
2000-08-02/2022-12-31,7,6,2,0.999,0.2,208,nsmallest,32.9756,1.1688,1.0
2000-08-08/2022-12-31,3,7,2,0.997,0.2,208,nsmallest,32.78869,1.16864,1.0
2000-08-03/2022-12-31,7,2,2,0.999,0.2,208,nsmallest,32.85178,1.16863,1.0
2000-08-05/2022-12-31,2,10,2,0.997,0.2,208,nsmallest,32.73465,1.16848,0.98
2000-08-01/2022-12-31,6,5,2,0.999,0.2,208,nsmallest,32.78262,1.16847,0.99
2000-08-05/2022-12-31,4,7,2,0.999,0.2,208,nsmallest,32.70185,1.16843,0.98
2000-08-08/2022-12-31,6,5,2,0.998,0.2,208,nsmallest,32.62773,1.16838,0.98
2000-08-04/2022-12-31,7,3,1,0.998,0.2,208,nsmallest,32.66605,1.16835,0.98
2000-08-07/2022-12-31,6,5,1,0.998,0.2,208,nsmallest,32.5818,1.16828,1.0
2000-08-06/2022-12-31,6,5,1,0.998,0.2,208,nsmallest,32.5818,1.16826,1.0
2000-08-01/2022-12-31,4,4,1,0.999,0.2,208,nsmallest,32.6136,1.1682,1.0
2000-08-02/2022-12-31,7,3,1,0.997,0.2,208,nsmallest,32.59489,1.16819,0.95
2000-08-09/2022-12-31,3,6,2,0.997,0.2,208,nsmallest,32.40586,1.16805,0.99
2000-08-08/2022-12-31,7,6,1,0.999,0.2,208,nsmallest,32.33876,1.16792,0.99
2000-08-07/2022-12-31,7,6,1,0.999,0.2,208,nsmallest,32.33876,1.16789,0.99
2000-08-06/2022-12-31,7,6,1,0.999,0.2,208,nsmallest,32.33876,1.16787,0.99
2000-08-09/2022-12-31,3,7,2,0.998,0.2,208,nsmallest,32.29164,1.16786,1.0
2000-08-04/2022-12-31,2,7,2,0.998,0.2,208,nsmallest,32.32779,1.16781,1.0
2000-08-09/2022-12-31,7,5,1,0.998,0.2,208,nsmallest,32.14993,1.16763,0.99
2000-08-01/2022-12-31,2,6,2,0.998,0.2,208,nsmallest,32.23675,1.1676,1.0
2000-08-01/2022-12-31,2,6,2,0.997,0.2,208,nsmallest,32.11753,1.1674,0.99
2000-08-01/2022-12-31,5,4,2,0.998,0.2,208,nsmallest,32.03893,1.16728,0.99
2000-08-02/2022-12-31,5,7,2,0.999,0.2,208,nsmallest,31.9937,1.16722,0.98
2000-08-04/2022-12-31,5,2,2,0.997,0.2,208,nsmallest,31.8521,1.16704,0.99
2000-08-04/2022-12-31,4,3,1,0.998,0.2,208,nsmallest,31.8537,1.16704,1.0
2000-08-09/2022-12-31,3,6,1,0.999,0.2,208,nsmallest,31.69978,1.1669,0.97
2000-08-02/2022-12-31,3,10,1,0.998,0.2,208,nsmallest,31.59788,1.16658,1.0
2000-08-01/2022-12-31,4,4,2,0.999,0.2,208,nsmallest,31.50459,1.1664,1.0
2000-08-07/2022-12-31,5,5,2,0.998,0.2,208,nsmallest,31.40647,1.16637,1.0
2000-08-06/2022-12-31,5,5,2,0.998,0.2,208,nsmallest,31.40647,1.16635,1.0
2000-08-08/2022-12-31,5,5,2,0.998,0.2,208,nsmallest,31.37503,1.16634,1.0
2000-08-05/2022-12-31,7,2,2,0.998,0.2,208,nsmallest,31.27962,1.16611,0.99
2000-08-08/2022-12-31,6,5,1,0.998,0.2,208,nsmallest,31.17687,1.16601,0.99
2000-08-09/2022-12-31,5,3,2,0.997,0.2,208,nsmallest,31.15343,1.16599,0.99
2000-08-07/2022-12-31,6,4,2,0.997,0.2,208,nsmallest,31.1734,1.16598,0.99
2000-08-08/2022-12-31,6,4,2,0.997,0.2,208,nsmallest,31.14469,1.16596,0.99
2000-08-06/2022-12-31,6,4,2,0.997,0.2,208,nsmallest,31.1734,1.16596,0.99
2000-08-03/2022-12-31,4,6,2,0.998,0.2,208,nsmallest,30.99628,1.1656,0.97
2000-08-04/2022-12-31,6,3,2,0.997,0.2,208,nsmallest,30.97883,1.16559,0.98
2000-08-05/2022-12-31,6,6,1,0.998,0.2,208,nsmallest,30.89821,1.16548,0.99
2000-08-01/2022-12-31,5,6,2,0.998,0.2,208,nsmallest,30.9076,1.16541,0.97
2000-08-01/2022-12-31,7,4,2,0.997,0.2,208,nsmallest,30.71246,1.16508,0.99
2000-08-08/2022-12-31,7,3,2,0.999,0.2,208,nsmallest,30.55535,1.16496,0.98
2000-08-07/2022-12-31,7,3,2,0.999,0.2,208,nsmallest,30.55535,1.16494,0.98
2000-08-03/2022-12-31,6,4,2,0.998,0.2,208,nsmallest,30.59949,1.16493,0.99
2000-08-06/2022-12-31,7,3,2,0.999,0.2,208,nsmallest,30.55535,1.16492,0.98
2000-08-02/2022-12-31,7,6,1,0.998,0.2,208,nsmallest,30.60424,1.16491,0.99
2000-08-02/2022-12-31,7,4,2,0.998,0.2,208,nsmallest,30.55979,1.16484,0.98
2000-08-09/2022-12-31,5,7,2,0.998,0.2,208,nsmallest,30.40623,1.16473,0.99
2000-08-09/2022-12-31,4,4,2,0.999,0.2,208,nsmallest,30.38758,1.1647,0.99
2000-08-05/2022-12-31,2,10,1,0.997,0.2,208,nsmallest,30.30715,1.16447,0.97
2000-08-02/2022-12-31,4,5,2,0.997,0.2,208,nsmallest,30.24787,1.16431,0.99
2000-08-02/2022-12-31,6,5,2,0.999,0.2,208,nsmallest,30.2478,1.16431,0.99
2000-08-04/2022-12-31,6,2,2,0.997,0.2,208,nsmallest,30.21015,1.16428,0.99
2000-08-03/2022-12-31,4,2,2,0.997,0.2,208,nsmallest,30.15585,1.16417,0.99
2000-08-09/2022-12-31,5,2,2,0.998,0.2,208,nsmallest,30.00946,1.16405,1.0
2000-08-09/2022-12-31,6,10,1,0.999,0.2,208,nsmallest,29.92515,1.1639,0.96
2000-08-03/2022-12-31,2,10,1,0.999,0.2,208,nsmallest,29.99046,1.16388,0.98
2000-08-09/2022-12-31,6,7,1,0.999,0.2,208,nsmallest,29.91459,1.16388,0.99
2000-08-02/2022-12-31,2,4,2,0.997,0.2,208,nsmallest,29.96371,1.16382,0.99
2000-08-09/2022-12-31,7,3,2,0.997,0.2,208,nsmallest,29.82199,1.16372,0.99
2000-08-02/2022-12-31,7,10,1,0.997,0.2,208,nsmallest,29.89017,1.16369,0.97
2000-08-08/2022-12-31,7,7,1,0.999,0.2,208,nsmallest,29.71889,1.16352,0.99
2000-08-07/2022-12-31,7,7,1,0.999,0.2,208,nsmallest,29.71889,1.1635,0.99
2000-08-06/2022-12-31,7,7,1,0.999,0.2,208,nsmallest,29.71889,1.16348,0.99
2000-08-01/2022-12-31,6,4,2,0.999,0.2,208,nsmallest,29.70689,1.16335,0.99
2000-08-02/2022-12-31,4,10,1,0.998,0.2,208,nsmallest,29.68473,1.16333,0.98
2000-08-02/2022-12-31,2,7,2,0.999,0.2,208,nsmallest,29.55173,1.1631,0.99
2000-08-02/2022-12-31,4,7,1,0.998,0.2,208,nsmallest,29.52109,1.16304,0.99
2000-08-04/2022-12-31,6,2,1,0.997,0.2,208,nsmallest,29.46449,1.16299,1.0
2000-08-04/2022-12-31,2,10,2,0.998,0.2,208,nsmallest,29.46186,1.16298,1.0
2000-08-02/2022-12-31,6,2,2,0.999,0.2,208,nsmallest,29.42528,1.16287,0.98
2000-08-02/2022-12-31,7,10,2,0.999,0.2,208,nsmallest,29.35922,1.16276,0.97
2000-08-01/2022-12-31,5,10,2,0.998,0.2,208,nsmallest,29.3637,1.16274,0.99
2000-08-04/2022-12-31,6,5,2,0.999,0.2,208,nsmallest,29.26182,1.16263,0.99
2000-08-09/2022-12-31,6,2,2,0.998,0.2,208,nsmallest,29.13037,1.1625,0.98
2000-08-01/2022-12-31,3,10,2,0.998,0.2,208,nsmallest,29.14117,1.16235,0.98
2000-08-01/2022-12-31,6,2,2,0.997,0.2,208,nsmallest,29.13514,1.16234,1.0
2000-08-03/2022-12-31,6,5,1,0.997,0.2,208,nsmallest,29.06171,1.16225,0.98
2000-08-03/2022-12-31,4,6,2,0.997,0.2,208,nsmallest,29.03991,1.16221,0.97
2000-08-09/2022-12-31,3,10,2,0.998,0.2,208,nsmallest,28.79775,1.16191,0.96
2000-08-08/2022-12-31,6,7,2,0.997,0.2,208,nsmallest,28.77691,1.16185,0.97
2000-08-01/2022-12-31,6,3,2,0.998,0.2,208,nsmallest,28.84821,1.16183,0.97
2000-08-07/2022-12-31,6,7,2,0.997,0.2,208,nsmallest,28.77691,1.16182,0.97
2000-08-06/2022-12-31,6,7,2,0.997,0.2,208,nsmallest,28.77691,1.1618,0.97
2000-08-04/2022-12-31,6,6,1,0.998,0.2,208,nsmallest,28.5513,1.16135,0.97
2000-08-04/2022-12-31,5,7,1,0.999,0.2,208,nsmallest,28.54459,1.16134,0.96
2000-08-08/2022-12-31,7,5,2,0.999,0.2,208,nsmallest,28.46574,1.16128,0.99
2000-08-07/2022-12-31,7,5,2,0.999,0.2,208,nsmallest,28.46574,1.16126,0.99
2000-08-06/2022-12-31,7,5,2,0.999,0.2,208,nsmallest,28.46574,1.16124,0.99
2000-08-01/2022-12-31,7,4,1,0.997,0.2,208,nsmallest,28.45104,1.16111,0.96
2000-08-01/2022-12-31,7,2,2,0.999,0.2,208,nsmallest,28.42861,1.16107,0.97
2000-08-05/2022-12-31,5,4,2,0.998,0.2,208,nsmallest,28.37658,1.16106,0.98
2000-08-02/2022-12-31,2,7,2,0.998,0.2,208,nsmallest,28.33514,1.16092,0.99
2000-08-07/2022-12-31,5,5,1,0.997,0.2,208,nsmallest,28.26204,1.16089,0.99
2000-08-06/2022-12-31,5,5,1,0.997,0.2,208,nsmallest,28.26204,1.16087,0.99
2000-08-08/2022-12-31,5,5,1,0.997,0.2,208,nsmallest,28.17725,1.16075,0.99
2000-08-02/2022-12-31,6,4,2,0.999,0.2,208,nsmallest,27.88936,1.1601,1.0
2000-08-05/2022-12-31,7,6,1,0.997,0.2,208,nsmallest,27.81536,1.16002,0.96
2000-08-09/2022-12-31,4,7,2,0.997,0.2,208,nsmallest,27.73747,1.15996,0.99
2000-08-05/2022-12-31,4,7,1,0.997,0.2,208,nsmallest,27.7229,1.15985,0.97
2000-08-05/2022-12-31,2,5,2,0.997,0.2,208,nsmallest,27.6849,1.15978,0.99
2000-08-02/2022-12-31,5,4,2,0.997,0.2,208,nsmallest,27.71254,1.15977,0.97
2000-08-02/2022-12-31,4,10,1,0.999,0.2,208,nsmallest,27.66678,1.15968,0.94
2000-08-04/2022-12-31,3,6,2,0.999,0.2,208,nsmallest,27.59721,1.15959,0.99
2000-08-05/2022-12-31,5,4,1,0.999,0.2,208,nsmallest,27.58186,1.15958,0.99
2000-08-04/2022-12-31,6,4,1,0.997,0.2,208,nsmallest,27.47278,1.15936,0.99
2000-08-02/2022-12-31,7,6,2,0.998,0.2,208,nsmallest,27.47569,1.15932,1.0
2000-08-03/2022-12-31,4,5,2,0.999,0.2,208,nsmallest,27.44177,1.15928,0.98
2000-08-03/2022-12-31,7,3,2,0.997,0.2,208,nsmallest,27.4256,1.15925,0.99
2000-08-05/2022-12-31,7,2,2,0.997,0.2,208,nsmallest,27.18867,1.15884,0.99
2000-08-08/2022-12-31,4,5,2,0.998,0.2,208,nsmallest,27.12206,1.15878,0.98
2000-08-07/2022-12-31,4,5,2,0.998,0.2,208,nsmallest,27.12206,1.15876,0.98
2000-08-06/2022-12-31,4,5,2,0.998,0.2,208,nsmallest,27.12206,1.15874,0.98
2000-08-01/2022-12-31,7,3,2,0.998,0.2,208,nsmallest,27.11402,1.15862,1.0
2000-08-02/2022-12-31,6,2,1,0.997,0.2,208,nsmallest,27.09698,1.1586,0.98
2000-08-05/2022-12-31,7,6,2,0.998,0.2,208,nsmallest,26.9798,1.15844,0.96
2000-08-02/2022-12-31,3,10,2,0.999,0.2,208,nsmallest,26.97764,1.15838,1.0
2000-08-04/2022-12-31,4,3,1,0.997,0.2,208,nsmallest,26.89594,1.15826,1.0
2000-08-01/2022-12-31,3,3,2,0.997,0.2,208,nsmallest,26.92959,1.15826,1.0
2000-08-01/2022-12-31,5,7,1,0.997,0.2,208,nsmallest,26.89742,1.1582,1.0
2000-08-02/2022-12-31,2,6,1,0.997,0.2,208,nsmallest,26.82421,1.15808,1.0
2000-08-01/2022-12-31,2,5,2,0.997,0.2,208,nsmallest,26.67117,1.15777,0.99
2000-08-02/2022-12-31,7,3,2,0.998,0.2,208,nsmallest,26.63408,1.15771,0.99
2000-08-05/2022-12-31,6,4,1,0.997,0.2,208,nsmallest,26.48364,1.15748,0.97
2000-08-01/2022-12-31,5,4,1,0.997,0.2,208,nsmallest,26.52121,1.15747,0.99
2000-08-09/2022-12-31,3,3,2,0.997,0.2,208,nsmallest,26.37604,1.15736,0.99
2000-08-04/2022-12-31,4,6,2,0.999,0.2,208,nsmallest,26.42473,1.15735,1.0
2000-08-09/2022-12-31,6,6,2,0.998,0.2,208,nsmallest,26.31407,1.15723,0.99
2000-08-04/2022-12-31,6,6,1,0.997,0.2,208,nsmallest,26.29487,1.15709,0.96
2000-08-05/2022-12-31,5,5,1,0.997,0.2,208,nsmallest,26.26701,1.15706,0.99
2000-08-09/2022-12-31,7,4,2,0.998,0.2,208,nsmallest,26.2151,1.15704,0.99
2000-08-05/2022-12-31,7,4,2,0.997,0.2,208,nsmallest,26.16925,1.15687,0.98
2000-08-05/2022-12-31,2,7,2,0.997,0.2,208,nsmallest,26.087,1.1567,0.98
2000-08-02/2022-12-31,6,5,2,0.998,0.2,208,nsmallest,26.01243,1.1565,1.0
2000-08-04/2022-12-31,6,10,1,0.998,0.2,208,nsmallest,25.95963,1.15643,0.99
2000-08-01/2022-12-31,3,5,2,0.997,0.2,208,nsmallest,25.94536,1.15634,1.0
2000-08-07/2022-12-31,6,5,2,0.997,0.2,208,nsmallest,25.74546,1.15607,0.99
2000-08-06/2022-12-31,6,5,2,0.997,0.2,208,nsmallest,25.74546,1.15604,0.99
2000-08-03/2022-12-31,5,6,2,0.997,0.2,208,nsmallest,25.76238,1.15602,0.99
2000-08-01/2022-12-31,3,6,2,0.998,0.2,208,nsmallest,25.76065,1.15597,1.0
2000-08-01/2022-12-31,3,7,2,0.999,0.2,208,nsmallest,25.62913,1.15571,0.99
2000-08-09/2022-12-31,7,5,1,0.997,0.2,208,nsmallest,25.48304,1.15558,0.99
2000-08-04/2022-12-31,2,2,2,0.997,0.2,208,nsmallest,25.4744,1.15546,0.98
2000-08-02/2022-12-31,4,10,1,0.997,0.2,208,nsmallest,25.38212,1.15523,0.98
2000-08-05/2022-12-31,7,7,2,0.997,0.2,208,nsmallest,25.29745,1.15512,1.0
2000-08-08/2022-12-31,7,10,2,0.998,0.2,208,nsmallest,25.23311,1.15505,0.99
2000-08-07/2022-12-31,7,10,2,0.998,0.2,208,nsmallest,25.23311,1.15503,0.99
2000-08-06/2022-12-31,7,10,2,0.998,0.2,208,nsmallest,25.23311,1.15501,0.99
2000-08-08/2022-12-31,7,7,1,0.998,0.2,208,nsmallest,25.20613,1.15499,0.99
2000-08-07/2022-12-31,7,7,1,0.998,0.2,208,nsmallest,25.20613,1.15497,0.99
2000-08-06/2022-12-31,7,7,1,0.998,0.2,208,nsmallest,25.20613,1.15495,0.99
2000-08-08/2022-12-31,6,5,2,0.997,0.2,208,nsmallest,25.16525,1.15491,0.98
2000-08-04/2022-12-31,6,4,2,0.997,0.2,208,nsmallest,25.18419,1.15487,0.99
2000-08-09/2022-12-31,6,10,1,0.998,0.2,208,nsmallest,25.08582,1.15477,0.95
2000-08-01/2022-12-31,6,7,1,0.998,0.2,208,nsmallest,25.13256,1.1547,0.98
2000-08-05/2022-12-31,5,2,2,0.997,0.2,208,nsmallest,25.07574,1.15466,0.99
2000-08-09/2022-12-31,5,6,1,0.999,0.2,208,nsmallest,24.90133,1.15439,0.99
2000-08-03/2022-12-31,2,6,2,0.998,0.2,208,nsmallest,24.88511,1.15423,0.97
2000-08-08/2022-12-31,7,5,2,0.998,0.2,208,nsmallest,24.83075,1.15422,0.99
2000-08-07/2022-12-31,7,5,2,0.998,0.2,208,nsmallest,24.83075,1.1542,0.99
2000-08-08/2022-12-31,2,7,1,0.997,0.2,208,nsmallest,24.81477,1.15419,0.97
2000-08-06/2022-12-31,7,5,2,0.998,0.2,208,nsmallest,24.83075,1.15418,0.99
2000-08-07/2022-12-31,2,7,1,0.997,0.2,208,nsmallest,24.81477,1.15417,0.97
2000-08-06/2022-12-31,2,7,1,0.997,0.2,208,nsmallest,24.81477,1.15415,0.97
2000-08-04/2022-12-31,2,10,2,0.997,0.2,208,nsmallest,24.75222,1.15398,1.0
2000-08-09/2022-12-31,5,2,1,0.997,0.2,208,nsmallest,24.64348,1.15385,1.0
2000-08-05/2022-12-31,2,7,1,0.997,0.2,208,nsmallest,24.66238,1.15381,0.97
2000-08-09/2022-12-31,5,5,2,0.999,0.2,208,nsmallest,24.54557,1.15364,1.0
2000-08-02/2022-12-31,3,7,2,0.999,0.2,208,nsmallest,24.56316,1.15354,1.0
2000-08-04/2022-12-31,7,7,2,0.999,0.2,208,nsmallest,24.49793,1.15344,0.99
2000-08-03/2022-12-31,7,2,1,0.998,0.2,208,nsmallest,24.4589,1.15334,0.97
2000-08-02/2022-12-31,5,3,2,0.999,0.2,208,nsmallest,24.42469,1.15325,0.98
2000-08-09/2022-12-31,3,6,1,0.998,0.2,208,nsmallest,24.21231,1.15294,0.98
2000-08-08/2022-12-31,4,5,1,0.997,0.2,208,nsmallest,24.2009,1.1529,0.99
2000-08-01/2022-12-31,7,7,1,0.999,0.2,208,nsmallest,24.26538,1.15289,0.99
2000-08-04/2022-12-31,4,7,2,0.997,0.2,208,nsmallest,24.23087,1.15288,0.97
2000-08-07/2022-12-31,4,5,1,0.997,0.2,208,nsmallest,24.2009,1.15288,0.99
2000-08-08/2022-12-31,2,10,2,0.997,0.2,208,nsmallest,24.18691,1.15287,1.0
2000-08-06/2022-12-31,4,5,1,0.997,0.2,208,nsmallest,24.2009,1.15286,0.99
2000-08-07/2022-12-31,2,10,2,0.997,0.2,208,nsmallest,24.18691,1.15285,1.0
2000-08-06/2022-12-31,2,10,2,0.997,0.2,208,nsmallest,24.18691,1.15283,1.0
2000-08-02/2022-12-31,7,6,1,0.997,0.2,208,nsmallest,24.08307,1.15253,0.99
2000-08-02/2022-12-31,4,7,2,0.997,0.2,208,nsmallest,24.08057,1.15252,0.99
2000-08-02/2022-12-31,6,6,2,0.999,0.2,208,nsmallest,24.0744,1.15251,0.99
2000-08-08/2022-12-31,7,2,1,0.999,0.2,208,nsmallest,24.01252,1.15249,1.0
2000-08-02/2022-12-31,5,7,2,0.998,0.2,208,nsmallest,24.06118,1.15248,0.98
2000-08-07/2022-12-31,7,2,1,0.999,0.2,208,nsmallest,24.01252,1.15247,1.0
2000-08-06/2022-12-31,7,2,1,0.999,0.2,208,nsmallest,24.01252,1.15245,1.0
2000-08-07/2022-12-31,6,3,2,0.998,0.2,208,nsmallest,23.99355,1.15243,1.0
2000-08-06/2022-12-31,6,3,2,0.998,0.2,208,nsmallest,23.99355,1.15241,1.0
2000-08-09/2022-12-31,5,4,2,0.999,0.2,208,nsmallest,23.96178,1.15241,1.0
2000-08-03/2022-12-31,7,7,2,0.999,0.2,208,nsmallest,23.96196,1.15229,0.99
2000-08-02/2022-12-31,6,4,1,0.998,0.2,208,nsmallest,23.95291,1.15225,0.99
2000-08-08/2022-12-31,6,3,2,0.998,0.2,208,nsmallest,23.81724,1.15207,1.0
2000-08-01/2022-12-31,5,6,2,0.997,0.2,208,nsmallest,23.85679,1.15202,0.97
2000-08-04/2022-12-31,3,6,1,0.999,0.2,208,nsmallest,23.81822,1.152,1.0
2000-08-04/2022-12-31,5,7,1,0.998,0.2,208,nsmallest,23.7274,1.1518,0.97
2000-08-04/2022-12-31,2,7,2,0.997,0.2,208,nsmallest,23.71207,1.15177,1.0
2000-08-02/2022-12-31,7,10,2,0.998,0.2,208,nsmallest,23.6365,1.15156,0.97
2000-08-09/2022-12-31,6,4,1,0.999,0.2,208,nsmallest,23.57295,1.15156,0.98
2000-08-01/2022-12-31,6,5,2,0.998,0.2,208,nsmallest,23.59732,1.15146,0.99
2000-08-08/2022-12-31,7,5,1,0.999,0.2,208,nsmallest,23.52032,1.15143,0.98
2000-08-01/2022-12-31,7,3,1,0.999,0.2,208,nsmallest,23.57728,1.15141,1.0
2000-08-07/2022-12-31,7,5,1,0.999,0.2,208,nsmallest,23.52032,1.15141,0.98
2000-08-06/2022-12-31,7,5,1,0.999,0.2,208,nsmallest,23.52032,1.15139,0.98
2000-08-04/2022-12-31,7,3,2,0.999,0.2,208,nsmallest,23.51537,1.15134,0.99
2000-08-01/2022-12-31,7,10,2,0.998,0.2,208,nsmallest,23.52524,1.1513,0.99
2000-08-05/2022-12-31,7,7,1,0.997,0.2,208,nsmallest,23.45737,1.15123,0.99
2000-08-02/2022-12-31,2,4,1,0.997,0.2,208,nsmallest,23.47038,1.1512,0.98
2000-08-04/2022-12-31,7,3,1,0.997,0.2,208,nsmallest,23.43432,1.15116,0.98
2000-08-04/2022-12-31,2,6,1,0.998,0.2,208,nsmallest,23.39841,1.15108,0.98
2000-08-05/2022-12-31,5,2,1,0.997,0.2,208,nsmallest,23.33792,1.15097,0.97
2000-08-01/2022-12-31,6,6,2,0.999,0.2,208,nsmallest,23.33845,1.15089,0.98
2000-08-03/2022-12-31,3,7,2,0.998,0.2,208,nsmallest,23.30342,1.15085,0.98
2000-08-01/2022-12-31,5,4,2,0.997,0.2,208,nsmallest,23.31408,1.15084,0.99
2000-08-07/2022-12-31,6,3,2,0.997,0.2,208,nsmallest,23.14754,1.15059,1.0
2000-08-06/2022-12-31,6,3,2,0.997,0.2,208,nsmallest,23.14754,1.15057,1.0
2000-08-07/2022-12-31,6,5,1,0.997,0.2,208,nsmallest,23.10514,1.15049,1.0
2000-08-06/2022-12-31,6,5,1,0.997,0.2,208,nsmallest,23.10514,1.15047,1.0
2000-08-01/2022-12-31,6,4,2,0.998,0.2,208,nsmallest,23.13127,1.15043,0.99
2000-08-04/2022-12-31,6,7,1,0.999,0.2,208,nsmallest,23.09178,1.15041,0.94
2000-08-08/2022-12-31,7,7,1,0.997,0.2,208,nsmallest,23.03553,1.15036,0.99
2000-08-07/2022-12-31,7,7,1,0.997,0.2,208,nsmallest,23.03553,1.15034,0.99
2000-08-08/2022-12-31,6,3,2,0.997,0.2,208,nsmallest,23.02339,1.15033,1.0
2000-08-06/2022-12-31,7,7,1,0.997,0.2,208,nsmallest,23.03553,1.15032,0.99
2000-08-08/2022-12-31,7,6,1,0.998,0.2,208,nsmallest,22.84573,1.14993,0.99
2000-08-07/2022-12-31,7,6,1,0.998,0.2,208,nsmallest,22.84573,1.14991,0.99
2000-08-06/2022-12-31,7,6,1,0.998,0.2,208,nsmallest,22.84573,1.14989,0.99
2000-08-05/2022-12-31,6,6,1,0.997,0.2,208,nsmallest,22.84461,1.14987,0.99
2000-08-05/2022-12-31,5,5,2,0.997,0.2,208,nsmallest,22.76134,1.14968,0.99
2000-08-03/2022-12-31,6,5,2,0.998,0.2,208,nsmallest,22.62316,1.14933,0.98
2000-08-03/2022-12-31,7,6,2,0.999,0.2,208,nsmallest,22.60969,1.1493,0.95
2000-08-03/2022-12-31,7,2,2,0.998,0.2,208,nsmallest,22.6014,1.14928,1.0
2000-08-08/2022-12-31,7,3,2,0.998,0.2,208,nsmallest,22.51836,1.14919,0.98
2000-08-07/2022-12-31,7,3,2,0.998,0.2,208,nsmallest,22.51836,1.14917,0.98
2000-08-06/2022-12-31,7,3,2,0.998,0.2,208,nsmallest,22.51836,1.14915,0.98
2000-08-09/2022-12-31,5,7,2,0.997,0.2,208,nsmallest,22.4684,1.1491,0.99
2000-08-01/2022-12-31,3,10,2,0.997,0.2,208,nsmallest,22.52841,1.14908,0.98
2000-08-04/2022-12-31,6,10,1,0.997,0.2,208,nsmallest,22.395,1.14883,0.99
2000-08-01/2022-12-31,4,6,2,0.999,0.2,208,nsmallest,22.36144,1.1487,0.98
2000-08-03/2022-12-31,4,5,2,0.998,0.2,208,nsmallest,22.33726,1.14868,0.98
2000-08-02/2022-12-31,7,6,2,0.997,0.2,208,nsmallest,22.33059,1.14865,0.99
2000-08-07/2022-12-31,5,5,2,0.997,0.2,208,nsmallest,22.28463,1.14864,1.0
2000-08-06/2022-12-31,5,5,2,0.997,0.2,208,nsmallest,22.28463,1.14862,1.0
2000-08-05/2022-12-31,5,4,2,0.997,0.2,208,nsmallest,22.29495,1.14862,0.98
2000-08-08/2022-12-31,5,5,2,0.997,0.2,208,nsmallest,22.25115,1.14858,1.0
2000-08-01/2022-12-31,5,3,2,0.999,0.2,208,nsmallest,22.30558,1.14857,1.0
2000-08-03/2022-12-31,6,4,2,0.997,0.2,208,nsmallest,22.28616,1.14856,0.99
2000-08-05/2022-12-31,5,4,1,0.998,0.2,208,nsmallest,22.22752,1.14847,0.99
2000-08-05/2022-12-31,6,2,2,0.998,0.2,208,nsmallest,22.19009,1.14838,1.0
2000-08-09/2022-12-31,5,6,1,0.998,0.2,208,nsmallest,22.1356,1.14833,0.99
2000-08-01/2022-12-31,2,7,2,0.999,0.2,208,nsmallest,22.18315,1.14829,0.99
2000-08-02/2022-12-31,3,10,2,0.997,0.2,208,nsmallest,22.15437,1.14824,1.0
2000-08-08/2022-12-31,6,5,1,0.997,0.2,208,nsmallest,22.08669,1.1482,0.99
2000-08-04/2022-12-31,2,6,1,0.999,0.2,208,nsmallest,22.11374,1.14819,0.97
2000-08-09/2022-12-31,5,6,2,0.999,0.2,208,nsmallest,22.06532,1.14817,0.99
2000-08-05/2022-12-31,4,7,2,0.998,0.2,208,nsmallest,22.054,1.14807,0.98
2000-08-04/2022-12-31,5,7,1,0.997,0.2,208,nsmallest,22.04001,1.14801,0.96
2000-08-01/2022-12-31,5,10,2,0.997,0.2,208,nsmallest,22.04109,1.14796,0.99
2000-08-05/2022-12-31,7,6,2,0.997,0.2,208,nsmallest,21.96322,1.14785,0.95
2000-08-02/2022-12-31,7,5,1,0.998,0.2,208,nsmallest,21.97754,1.14783,0.95
2000-08-09/2022-12-31,3,7,2,0.997,0.2,208,nsmallest,21.90593,1.1478,1.0
2000-08-09/2022-12-31,6,6,2,0.997,0.2,208,nsmallest,21.82681,1.14761,0.99
2000-08-02/2022-12-31,6,6,1,0.997,0.2,208,nsmallest,21.87506,1.14759,0.98
2000-08-02/2022-12-31,7,4,2,0.997,0.2,208,nsmallest,21.85572,1.14755,0.98
2000-08-09/2022-12-31,5,2,2,0.997,0.2,208,nsmallest,21.75837,1.14745,1.0
2000-08-08/2022-12-31,7,2,2,0.999,0.2,208,nsmallest,21.74923,1.14741,1.0
2000-08-07/2022-12-31,7,2,2,0.999,0.2,208,nsmallest,21.74923,1.14739,1.0
2000-08-06/2022-12-31,7,2,2,0.999,0.2,208,nsmallest,21.74923,1.14737,1.0
2000-08-01/2022-12-31,7,7,1,0.998,0.2,208,nsmallest,21.76477,1.14731,0.99
2000-08-05/2022-12-31,5,6,1,0.999,0.2,208,nsmallest,21.63069,1.14707,0.99
2000-08-02/2022-12-31,4,7,2,0.999,0.2,208,nsmallest,21.60176,1.14695,0.99
2000-08-01/2022-12-31,4,10,1,0.997,0.2,208,nsmallest,21.52142,1.14674,0.95
2000-08-01/2022-12-31,3,6,1,0.999,0.2,208,nsmallest,21.4655,1.1466,1.0
2000-08-03/2022-12-31,3,5,1,0.999,0.2,208,nsmallest,21.44182,1.14659,0.93
2000-08-09/2022-12-31,6,2,2,0.997,0.2,208,nsmallest,21.39367,1.14659,0.98
2000-08-01/2022-12-31,4,4,1,0.998,0.2,208,nsmallest,21.40421,1.14646,1.0
2000-08-02/2022-12-31,7,3,2,0.997,0.2,208,nsmallest,21.34609,1.14634,0.99
2000-08-09/2022-12-31,7,4,2,0.997,0.2,208,nsmallest,21.22117,1.14617,0.99
2000-08-02/2022-12-31,6,4,2,0.998,0.2,208,nsmallest,21.18759,1.14596,1.0
2000-08-09/2022-12-31,3,10,2,0.997,0.2,208,nsmallest,21.11394,1.14591,0.96
2000-08-01/2022-12-31,6,3,2,0.997,0.2,208,nsmallest,21.11333,1.14576,0.97
2000-08-09/2022-12-31,6,7,1,0.997,0.2,208,nsmallest,20.95439,1.14552,0.97
2000-08-04/2022-12-31,2,7,1,0.999,0.2,208,nsmallest,20.94092,1.1454,1.0
2000-08-08/2022-12-31,7,10,2,0.997,0.2,208,nsmallest,20.89751,1.14537,0.99
2000-08-07/2022-12-31,7,10,2,0.997,0.2,208,nsmallest,20.89751,1.14535,0.99
2000-08-06/2022-12-31,7,10,2,0.997,0.2,208,nsmallest,20.89751,1.14533,0.99
2000-08-01/2022-12-31,7,10,2,0.997,0.2,208,nsmallest,20.81449,1.14503,0.99
2000-08-01/2022-12-31,7,3,2,0.997,0.2,208,nsmallest,20.79506,1.14498,1.0
2000-08-04/2022-12-31,3,10,1,0.999,0.2,208,nsmallest,20.68569,1.14477,1.0
2000-08-02/2022-12-31,5,7,2,0.997,0.2,208,nsmallest,20.69147,1.14475,0.97
2000-08-02/2022-12-31,6,2,2,0.998,0.2,208,nsmallest,20.67703,1.14471,0.98
2000-08-03/2022-12-31,3,10,1,0.999,0.2,208,nsmallest,20.62083,1.14459,0.99
2000-08-02/2022-12-31,5,10,2,0.999,0.2,208,nsmallest,20.62587,1.14458,0.97
2000-08-02/2022-12-31,3,10,2,0.998,0.2,208,nsmallest,20.59383,1.1445,1.0
2000-08-04/2022-12-31,6,5,2,0.998,0.2,208,nsmallest,20.54802,1.14443,0.99
2000-08-02/2022-12-31,7,10,2,0.997,0.2,208,nsmallest,20.54749,1.14439,0.97
2000-08-08/2022-12-31,7,5,1,0.998,0.2,208,nsmallest,20.43534,1.14422,0.98
2000-08-07/2022-12-31,7,5,1,0.998,0.2,208,nsmallest,20.43534,1.1442,0.98
2000-08-09/2022-12-31,6,7,1,0.998,0.2,208,nsmallest,20.41594,1.14419,0.98
2000-08-06/2022-12-31,7,5,1,0.998,0.2,208,nsmallest,20.43534,1.14419,0.98
2000-08-01/2022-12-31,5,3,2,0.998,0.2,208,nsmallest,20.44136,1.14411,1.0
2000-08-08/2022-12-31,4,7,1,0.998,0.2,208,nsmallest,20.37108,1.14406,0.98
2000-08-02/2022-12-31,6,5,2,0.997,0.2,208,nsmallest,20.41285,1.14405,0.99
2000-08-07/2022-12-31,4,7,1,0.998,0.2,208,nsmallest,20.37108,1.14404,0.98
2000-08-06/2022-12-31,4,7,1,0.998,0.2,208,nsmallest,20.37108,1.14402,0.98
2000-08-09/2022-12-31,4,4,2,0.998,0.2,208,nsmallest,20.32987,1.14398,0.99
2000-08-01/2022-12-31,6,7,1,0.997,0.2,208,nsmallest,20.32545,1.14382,0.98
2000-08-03/2022-12-31,3,7,2,0.997,0.2,208,nsmallest,20.28847,1.14376,0.98
2000-08-02/2022-12-31,7,5,2,0.999,0.2,208,nsmallest,20.27845,1.14372,0.95
2000-08-08/2022-12-31,7,5,2,0.997,0.2,208,nsmallest,20.21104,1.14366,0.99
2000-08-07/2022-12-31,7,5,2,0.997,0.2,208,nsmallest,20.21104,1.14364,0.99
2000-08-03/2022-12-31,7,7,2,0.998,0.2,208,nsmallest,20.23709,1.14363,0.99
2000-08-06/2022-12-31,7,5,2,0.997,0.2,208,nsmallest,20.21104,1.14362,0.99
2000-08-09/2022-12-31,7,2,2,0.999,0.2,208,nsmallest,20.17462,1.14359,0.99
2000-08-08/2022-12-31,4,10,1,0.999,0.2,208,nsmallest,20.13144,1.14346,0.95
2000-08-07/2022-12-31,4,10,1,0.999,0.2,208,nsmallest,20.13144,1.14344,0.95
2000-08-06/2022-12-31,4,10,1,0.999,0.2,208,nsmallest,20.13144,1.14342,0.95
2000-08-04/2022-12-31,6,6,2,0.999,0.2,208,nsmallest,20.09623,1.14329,0.96
2000-08-01/2022-12-31,4,4,2,0.998,0.2,208,nsmallest,20.03017,1.14307,1.0
2000-08-01/2022-12-31,7,2,2,0.998,0.2,208,nsmallest,20.03234,1.14307,0.97
2000-08-04/2022-12-31,6,10,2,0.999,0.2,208,nsmallest,19.97923,1.143,0.99
2000-08-03/2022-12-31,2,10,1,0.997,0.2,208,nsmallest,19.90818,1.1428,0.97
2000-08-01/2022-12-31,3,6,2,0.997,0.2,208,nsmallest,19.87018,1.14266,1.0
2000-08-01/2022-12-31,3,7,2,0.998,0.2,208,nsmallest,19.84124,1.14259,0.99
2000-08-08/2022-12-31,7,6,1,0.997,0.2,208,nsmallest,19.74985,1.14248,0.99
2000-08-07/2022-12-31,7,6,1,0.997,0.2,208,nsmallest,19.74985,1.14246,0.99
2000-08-06/2022-12-31,7,6,1,0.997,0.2,208,nsmallest,19.74985,1.14244,0.99
2000-08-05/2022-12-31,6,7,1,0.999,0.2,208,nsmallest,19.74885,1.14242,0.99
2000-08-09/2022-12-31,7,5,2,0.999,0.2,208,nsmallest,19.68542,1.14233,0.99
2000-08-08/2022-12-31,7,10,1,0.999,0.2,208,nsmallest,19.61229,1.14212,0.99
2000-08-07/2022-12-31,7,10,1,0.999,0.2,208,nsmallest,19.61229,1.14211,0.99
2000-08-06/2022-12-31,7,10,1,0.999,0.2,208,nsmallest,19.61229,1.14209,0.99
2000-08-04/2022-12-31,2,6,2,0.999,0.2,208,nsmallest,19.57915,1.14196,0.89
2000-08-03/2022-12-31,4,10,1,0.999,0.2,208,nsmallest,19.56973,1.14192,0.99
2000-08-03/2022-12-31,2,10,1,0.998,0.2,208,nsmallest,19.54355,1.14185,0.98
2000-08-04/2022-12-31,7,10,2,0.999,0.2,208,nsmallest,19.53032,1.14184,0.99
2000-08-04/2022-12-31,7,5,1,0.999,0.2,208,nsmallest,19.51478,1.1418,0.91
2000-08-01/2022-12-31,6,4,2,0.997,0.2,208,nsmallest,19.50619,1.14172,0.99
2000-08-02/2022-12-31,5,3,1,0.998,0.2,208,nsmallest,19.48979,1.14169,0.96
2000-08-09/2022-12-31,6,10,1,0.997,0.2,208,nsmallest,19.39593,1.14158,0.94
2000-08-02/2022-12-31,5,10,1,0.999,0.2,208,nsmallest,19.44209,1.14157,0.97
2000-08-02/2022-12-31,2,7,2,0.997,0.2,208,nsmallest,19.3488,1.14132,0.99
2000-08-09/2022-12-31,6,7,2,0.999,0.2,208,nsmallest,19.27315,1.14125,0.99
2000-08-09/2022-12-31,6,4,2,0.999,0.2,208,nsmallest,19.18465,1.14102,0.98
2000-08-03/2022-12-31,7,2,2,0.997,0.2,208,nsmallest,19.17287,1.14088,1.0
2000-08-09/2022-12-31,6,5,1,0.999,0.2,208,nsmallest,19.13046,1.14088,0.98
2000-08-01/2022-12-31,4,10,1,0.999,0.2,208,nsmallest,19.17602,1.14085,0.94
2000-08-09/2022-12-31,3,6,1,0.997,0.2,208,nsmallest,19.06749,1.14071,0.98
2000-08-03/2022-12-31,3,10,1,0.997,0.2,208,nsmallest,18.91392,1.14019,0.99
2000-08-03/2022-12-31,7,2,1,0.997,0.2,208,nsmallest,18.9161,1.14019,0.97
2000-08-03/2022-12-31,2,10,2,0.999,0.2,208,nsmallest,18.90679,1.14017,0.99
2000-08-04/2022-12-31,5,6,1,0.999,0.2,208,nsmallest,18.84801,1.14003,0.97
2000-08-04/2022-12-31,4,6,2,0.998,0.2,208,nsmallest,18.72113,1.13968,1.0
2000-08-01/2022-12-31,6,5,2,0.997,0.2,208,nsmallest,18.68975,1.13954,0.99
2000-08-08/2022-12-31,4,7,1,0.999,0.2,208,nsmallest,18.53075,1.13924,0.98
2000-08-07/2022-12-31,4,7,1,0.999,0.2,208,nsmallest,18.53075,1.13922,0.98
2000-08-02/2022-12-31,3,5,2,0.999,0.2,208,nsmallest,18.56079,1.13921,1.0
2000-08-06/2022-12-31,4,7,1,0.999,0.2,208,nsmallest,18.53075,1.1392,0.98
2000-08-09/2022-12-31,5,5,2,0.998,0.2,208,nsmallest,18.48624,1.13913,1.0
2000-08-09/2022-12-31,5,6,1,0.997,0.2,208,nsmallest,18.35247,1.13876,0.99
2000-08-02/2022-12-31,6,4,1,0.997,0.2,208,nsmallest,18.24741,1.13834,0.99
2000-08-03/2022-12-31,3,10,1,0.998,0.2,208,nsmallest,18.18209,1.13818,0.99
2000-08-08/2022-12-31,4,5,2,0.997,0.2,208,nsmallest,18.1279,1.13812,0.98
2000-08-07/2022-12-31,4,5,2,0.997,0.2,208,nsmallest,18.1279,1.1381,0.98
2000-08-06/2022-12-31,4,5,2,0.997,0.2,208,nsmallest,18.1279,1.13808,0.98
2000-08-02/2022-12-31,6,4,2,0.997,0.2,208,nsmallest,18.11178,1.13796,1.0
2000-08-05/2022-12-31,5,6,2,0.999,0.2,208,nsmallest,18.02498,1.13777,1.0
2000-08-08/2022-12-31,7,5,1,0.997,0.2,208,nsmallest,17.99473,1.13774,0.97
2000-08-02/2022-12-31,6,6,2,0.998,0.2,208,nsmallest,18.02689,1.13773,0.99
2000-08-07/2022-12-31,7,5,1,0.997,0.2,208,nsmallest,17.99473,1.13773,0.97
2000-08-06/2022-12-31,7,5,1,0.997,0.2,208,nsmallest,17.99473,1.13771,0.97
2000-08-08/2022-12-31,5,10,2,0.999,0.2,208,nsmallest,17.97688,1.13769,0.97
2000-08-07/2022-12-31,5,10,2,0.999,0.2,208,nsmallest,17.97688,1.13767,0.97
2000-08-06/2022-12-31,5,10,2,0.999,0.2,208,nsmallest,17.97688,1.13766,0.97
2000-08-09/2022-12-31,5,6,2,0.998,0.2,208,nsmallest,17.91851,1.13755,0.99
2000-08-05/2022-12-31,4,10,2,0.999,0.2,208,nsmallest,17.93707,1.13753,0.99
2000-08-03/2022-12-31,4,5,2,0.997,0.2,208,nsmallest,17.93549,1.13749,0.99
2000-08-04/2022-12-31,3,6,2,0.998,0.2,208,nsmallest,17.90177,1.13741,0.99
2000-08-08/2022-12-31,7,3,1,0.999,0.2,208,nsmallest,17.85092,1.13734,0.98
2000-08-07/2022-12-31,7,3,1,0.999,0.2,208,nsmallest,17.85092,1.13732,0.98
2000-08-06/2022-12-31,7,3,1,0.999,0.2,208,nsmallest,17.85092,1.1373,0.98
2000-08-02/2022-12-31,6,2,2,0.997,0.2,208,nsmallest,17.86929,1.13728,0.98
2000-08-04/2022-12-31,7,7,2,0.998,0.2,208,nsmallest,17.83436,1.13722,0.98
2000-08-09/2022-12-31,6,10,2,0.999,0.2,208,nsmallest,17.78177,1.13716,0.91
2000-08-04/2022-12-31,5,6,2,0.999,0.2,208,nsmallest,17.8078,1.13714,0.98
2000-08-05/2022-12-31,6,10,2,0.999,0.2,208,nsmallest,17.79199,1.13711,0.99
2000-08-01/2022-12-31,7,7,1,0.997,0.2,208,nsmallest,17.79627,1.13705,0.99
2000-08-08/2022-12-31,3,10,1,0.999,0.2,208,nsmallest,17.64094,1.13673,0.99
2000-08-07/2022-12-31,3,10,1,0.999,0.2,208,nsmallest,17.64094,1.13672,0.99
2000-08-01/2022-12-31,6,6,2,0.998,0.2,208,nsmallest,17.67895,1.13672,0.97
2000-08-06/2022-12-31,3,10,1,0.999,0.2,208,nsmallest,17.64094,1.1367,0.99
2000-08-04/2022-12-31,7,3,2,0.998,0.2,208,nsmallest,17.55272,1.13641,0.99
2000-08-08/2022-12-31,5,7,2,0.999,0.2,208,nsmallest,17.49523,1.13631,0.98
2000-08-07/2022-12-31,5,7,2,0.999,0.2,208,nsmallest,17.49523,1.1363,0.98
2000-08-06/2022-12-31,5,7,2,0.999,0.2,208,nsmallest,17.49523,1.13628,0.98
2000-08-08/2022-12-31,3,10,2,0.999,0.2,208,nsmallest,17.4274,1.13612,0.99
2000-08-07/2022-12-31,3,10,2,0.999,0.2,208,nsmallest,17.4274,1.1361,0.99
2000-08-06/2022-12-31,3,10,2,0.999,0.2,208,nsmallest,17.4274,1.13608,0.99
2000-08-02/2022-12-31,3,7,2,0.998,0.2,208,nsmallest,17.43204,1.13602,1.0
2000-08-01/2022-12-31,2,7,2,0.997,0.2,208,nsmallest,17.37089,1.13583,0.99
2000-08-01/2022-12-31,7,10,2,0.999,0.2,208,nsmallest,17.34864,1.13576,0.99
2000-08-04/2022-12-31,6,7,1,0.998,0.2,208,nsmallest,17.18379,1.13533,0.94
2000-08-05/2022-12-31,5,6,1,0.998,0.2,208,nsmallest,17.17279,1.13532,0.99
2000-08-02/2022-12-31,7,5,1,0.997,0.2,208,nsmallest,17.12041,1.13511,0.95
2000-08-01/2022-12-31,4,4,1,0.997,0.2,208,nsmallest,16.98513,1.13469,1.0
2000-08-01/2022-12-31,5,7,2,0.999,0.2,208,nsmallest,16.98126,1.13468,1.0
2000-08-04/2022-12-31,3,6,1,0.998,0.2,208,nsmallest,16.92122,1.13455,1.0
2000-08-08/2022-12-31,6,10,2,0.999,0.2,208,nsmallest,16.86747,1.13446,0.99
2000-08-07/2022-12-31,6,10,2,0.999,0.2,208,nsmallest,16.86747,1.13444,0.99
2000-08-06/2022-12-31,6,10,2,0.999,0.2,208,nsmallest,16.86747,1.13443,0.99
2000-08-03/2022-12-31,5,10,1,0.999,0.2,208,nsmallest,16.88138,1.13442,0.98
2000-08-09/2022-12-31,7,2,1,0.999,0.2,208,nsmallest,16.84457,1.13441,0.98
2000-08-05/2022-12-31,6,2,2,0.997,0.2,208,nsmallest,16.85893,1.13438,1.0
2000-08-04/2022-12-31,2,6,2,0.998,0.2,208,nsmallest,16.85312,1.13435,0.88
2000-08-03/2022-12-31,7,6,2,0.998,0.2,208,nsmallest,16.8486,1.13432,0.96
2000-08-03/2022-12-31,2,6,1,0.999,0.2,208,nsmallest,16.8271,1.13425,0.98
2000-08-08/2022-12-31,4,10,2,0.999,0.2,208,nsmallest,16.68253,1.1339,0.97
2000-08-07/2022-12-31,4,10,2,0.999,0.2,208,nsmallest,16.68253,1.13389,0.97
2000-08-06/2022-12-31,4,10,2,0.999,0.2,208,nsmallest,16.68253,1.13387,0.97
2000-08-03/2022-12-31,6,7,1,0.999,0.2,208,nsmallest,16.6983,1.13386,1.0
2000-08-07/2022-12-31,1,7,2,0.999,0.2,208,nsmallest,16.65653,1.13381,1.0
2000-08-06/2022-12-31,1,7,2,0.999,0.2,208,nsmallest,16.65653,1.13379,1.0
2000-08-03/2022-12-31,6,6,2,0.999,0.2,208,nsmallest,16.63666,1.13368,0.95
2000-08-08/2022-12-31,4,7,1,0.997,0.2,208,nsmallest,16.60666,1.13367,0.98
2000-08-07/2022-12-31,4,7,1,0.997,0.2,208,nsmallest,16.60666,1.13365,0.98
2000-08-06/2022-12-31,4,7,1,0.997,0.2,208,nsmallest,16.60666,1.13364,0.98
2000-08-08/2022-12-31,5,10,1,0.999,0.2,208,nsmallest,16.51829,1.1334,0.96
2000-08-07/2022-12-31,5,10,1,0.999,0.2,208,nsmallest,16.51829,1.13338,0.96
2000-08-06/2022-12-31,5,10,1,0.999,0.2,208,nsmallest,16.51829,1.13337,0.96
2000-08-09/2022-12-31,6,4,1,0.998,0.2,208,nsmallest,16.49891,1.13336,0.98
2000-08-08/2022-12-31,2,7,2,0.999,0.2,208,nsmallest,16.43666,1.13315,0.98
2000-08-07/2022-12-31,2,7,2,0.999,0.2,208,nsmallest,16.43666,1.13313,0.98
2000-08-06/2022-12-31,2,7,2,0.999,0.2,208,nsmallest,16.43666,1.13312,0.98
2000-08-01/2022-12-31,3,6,1,0.998,0.2,208,nsmallest,16.44095,1.13304,1.0
2000-08-03/2022-12-31,4,10,2,0.999,0.2,208,nsmallest,16.40417,1.13297,0.99
2000-08-09/2022-12-31,5,4,2,0.998,0.2,208,nsmallest,16.35178,1.13291,1.0
2000-08-04/2022-12-31,2,7,1,0.998,0.2,208,nsmallest,16.3469,1.13281,1.0
2000-08-08/2022-12-31,1,7,2,0.999,0.2,208,nsmallest,16.3131,1.13277,0.99
2000-08-09/2022-12-31,6,10,2,0.998,0.2,208,nsmallest,16.23595,1.13255,0.9
2000-08-08/2022-12-31,4,7,2,0.999,0.2,208,nsmallest,16.22324,1.13249,0.99
2000-08-07/2022-12-31,4,7,2,0.999,0.2,208,nsmallest,16.22324,1.13247,0.99
2000-08-06/2022-12-31,4,7,2,0.999,0.2,208,nsmallest,16.22324,1.13246,0.99
2000-08-02/2022-12-31,4,7,2,0.998,0.2,208,nsmallest,16.20788,1.13234,0.99
2000-08-03/2022-12-31,6,5,2,0.997,0.2,208,nsmallest,16.19201,1.13231,0.98
2000-08-08/2022-12-31,7,2,1,0.998,0.2,208,nsmallest,16.13928,1.13223,0.96
2000-08-07/2022-12-31,7,2,1,0.998,0.2,208,nsmallest,16.13928,1.13221,0.96
2000-08-06/2022-12-31,7,2,1,0.998,0.2,208,nsmallest,16.13928,1.13219,0.96
2000-08-04/2022-12-31,6,5,2,0.997,0.2,208,nsmallest,16.14718,1.13218,0.99
2000-08-03/2022-12-31,3,5,1,0.998,0.2,208,nsmallest,16.13023,1.13211,0.94
2000-08-04/2022-12-31,6,6,2,0.998,0.2,208,nsmallest,16.01585,1.13177,0.99
2000-08-04/2022-12-31,3,6,1,0.997,0.2,208,nsmallest,15.99652,1.13171,0.99
2000-08-03/2022-12-31,5,7,1,0.999,0.2,208,nsmallest,15.99761,1.1317,0.99
2000-08-01/2022-12-31,7,3,1,0.998,0.2,208,nsmallest,16.00642,1.13169,1.0
2000-08-04/2022-12-31,3,10,2,0.999,0.2,208,nsmallest,15.95043,1.13156,1.0
2000-08-08/2022-12-31,7,3,2,0.997,0.2,208,nsmallest,15.92342,1.13155,0.98
2000-08-07/2022-12-31,7,3,2,0.997,0.2,208,nsmallest,15.92342,1.13153,0.98
2000-08-06/2022-12-31,7,3,2,0.997,0.2,208,nsmallest,15.92342,1.13151,0.98
2000-08-09/2022-12-31,4,4,2,0.997,0.2,208,nsmallest,15.8674,1.13139,0.99
2000-08-03/2022-12-31,2,6,2,0.997,0.2,208,nsmallest,15.89326,1.13137,0.97
2000-08-03/2022-12-31,7,6,1,0.999,0.2,208,nsmallest,15.81353,1.13111,0.95
2000-08-04/2022-12-31,4,6,2,0.997,0.2,208,nsmallest,15.72675,1.13085,1.0
2000-08-05/2022-12-31,6,6,2,0.999,0.2,208,nsmallest,15.70903,1.13081,0.99
2000-08-04/2022-12-31,7,6,2,0.999,0.2,208,nsmallest,15.67265,1.13068,0.99
2000-08-08/2022-12-31,4,10,1,0.998,0.2,208,nsmallest,15.62056,1.13058,0.94
2000-08-07/2022-12-31,4,10,1,0.998,0.2,208,nsmallest,15.62056,1.13056,0.94
2000-08-06/2022-12-31,4,10,1,0.998,0.2,208,nsmallest,15.62056,1.13054,0.94
2000-08-02/2022-12-31,5,10,2,0.998,0.2,208,nsmallest,15.6143,1.13046,0.97
2000-08-03/2022-12-31,3,10,2,0.999,0.2,208,nsmallest,15.60884,1.13046,1.0
2000-08-05/2022-12-31,6,4,2,0.999,0.2,208,nsmallest,15.49913,1.13013,0.98
2000-08-05/2022-12-31,4,7,2,0.997,0.2,208,nsmallest,15.49591,1.13012,0.97
2000-08-08/2022-12-31,7,2,2,0.998,0.2,208,nsmallest,15.36608,1.12975,1.0
2000-08-07/2022-12-31,7,2,2,0.998,0.2,208,nsmallest,15.36608,1.12973,1.0
2000-08-06/2022-12-31,7,2,2,0.998,0.2,208,nsmallest,15.36608,1.12972,1.0
2000-08-04/2022-12-31,7,10,2,0.998,0.2,208,nsmallest,15.36109,1.12967,0.99
2000-08-05/2022-12-31,6,7,1,0.997,0.2,208,nsmallest,15.26001,1.12935,0.99
2000-08-08/2022-12-31,4,7,2,0.998,0.2,208,nsmallest,15.20671,1.12922,0.99
2000-08-07/2022-12-31,4,7,2,0.998,0.2,208,nsmallest,15.20671,1.12921,0.99
2000-08-06/2022-12-31,4,7,2,0.998,0.2,208,nsmallest,15.20671,1.12919,0.99
2000-08-08/2022-12-31,7,6,2,0.999,0.2,208,nsmallest,15.17596,1.12912,0.99
2000-08-01/2022-12-31,4,10,1,0.998,0.2,208,nsmallest,15.21061,1.12912,0.94
2000-08-07/2022-12-31,7,6,2,0.999,0.2,208,nsmallest,15.17596,1.1291,0.99
2000-08-06/2022-12-31,7,6,2,0.999,0.2,208,nsmallest,15.17596,1.12909,0.99
2000-08-08/2022-12-31,1,5,2,0.999,0.2,208,nsmallest,15.15078,1.12904,1.0
2000-08-07/2022-12-31,1,5,2,0.999,0.2,208,nsmallest,15.15078,1.12902,1.0
2000-08-06/2022-12-31,1,5,2,0.999,0.2,208,nsmallest,15.15078,1.129,1.0
2000-08-04/2022-12-31,6,10,2,0.998,0.2,208,nsmallest,15.12747,1.12889,0.99
2000-08-01/2022-12-31,3,7,2,0.997,0.2,208,nsmallest,15.11142,1.12879,0.99
2000-08-01/2022-12-31,4,4,2,0.997,0.2,208,nsmallest,15.08466,1.1287,1.0
2000-08-04/2022-12-31,7,5,1,0.998,0.2,208,nsmallest,15.06532,1.12869,0.91
2000-08-04/2022-12-31,7,5,2,0.999,0.2,208,nsmallest,15.05821,1.12866,0.99
2000-08-04/2022-12-31,3,10,1,0.998,0.2,208,nsmallest,15.02258,1.12854,1.0
2000-08-05/2022-12-31,5,6,2,0.998,0.2,208,nsmallest,15.00335,1.12849,1.0
2000-08-01/2022-12-31,4,6,2,0.998,0.2,208,nsmallest,14.98193,1.12836,0.97
2000-08-01/2022-12-31,2,7,2,0.998,0.2,208,nsmallest,14.89658,1.12807,0.99
2000-08-05/2022-12-31,6,7,1,0.998,0.2,208,nsmallest,14.80551,1.12783,0.99
2000-08-09/2022-12-31,4,10,2,0.999,0.2,208,nsmallest,14.76065,1.12774,0.98
2000-08-08/2022-12-31,6,10,1,0.999,0.2,208,nsmallest,14.75629,1.12771,0.97
2000-08-07/2022-12-31,6,10,1,0.999,0.2,208,nsmallest,14.75629,1.12769,0.97
2000-08-06/2022-12-31,6,10,1,0.999,0.2,208,nsmallest,14.75629,1.12767,0.97
2000-08-03/2022-12-31,7,7,2,0.997,0.2,208,nsmallest,14.76802,1.12767,0.99
2000-08-04/2022-12-31,3,6,2,0.997,0.2,208,nsmallest,14.76501,1.12767,0.99
2000-08-05/2022-12-31,7,3,1,0.999,0.2,208,nsmallest,14.72741,1.12756,0.98
2000-08-03/2022-12-31,4,10,1,0.998,0.2,208,nsmallest,14.7192,1.1275,0.99
2000-08-08/2022-12-31,4,7,2,0.997,0.2,208,nsmallest,14.65799,1.12737,0.99
2000-08-07/2022-12-31,4,7,2,0.997,0.2,208,nsmallest,14.65799,1.12736,0.99
2000-08-02/2022-12-31,5,10,1,0.998,0.2,208,nsmallest,14.68185,1.12735,0.97
2000-08-06/2022-12-31,4,7,2,0.997,0.2,208,nsmallest,14.65799,1.12734,0.99
2000-08-09/2022-12-31,5,5,2,0.997,0.2,208,nsmallest,14.61868,1.12725,1.0
2000-08-02/2022-12-31,7,5,2,0.998,0.2,208,nsmallest,14.57093,1.12697,0.95
2000-08-09/2022-12-31,6,7,2,0.998,0.2,208,nsmallest,14.51699,1.1269,0.98
2000-08-09/2022-12-31,5,4,2,0.997,0.2,208,nsmallest,14.47761,1.12676,1.0
2000-08-09/2022-12-31,7,5,2,0.998,0.2,208,nsmallest,14.42078,1.12657,0.99
2000-08-05/2022-12-31,7,3,1,0.998,0.2,208,nsmallest,14.40418,1.12644,0.98
2000-08-01/2022-12-31,5,3,2,0.997,0.2,208,nsmallest,14.34794,1.12618,0.98
2000-08-04/2022-12-31,7,10,1,0.999,0.2,208,nsmallest,14.3055,1.12608,0.99
2000-08-03/2022-12-31,5,7,2,0.999,0.2,208,nsmallest,14.19905,1.12569,0.99
2000-08-04/2022-12-31,3,10,1,0.997,0.2,208,nsmallest,14.18273,1.12565,1.0
2000-08-01/2022-12-31,7,2,2,0.997,0.2,208,nsmallest,14.17386,1.12557,0.97
2000-08-01/2022-12-31,4,6,2,0.997,0.2,208,nsmallest,14.0935,1.12528,0.97
2000-08-02/2022-12-31,5,3,2,0.998,0.2,208,nsmallest,14.05608,1.12517,0.98
2000-08-01/2022-12-31,5,7,2,0.998,0.2,208,nsmallest,14.00818,1.12498,1.0
2000-08-09/2022-12-31,6,5,1,0.998,0.2,208,nsmallest,13.96702,1.12496,0.98
2000-08-09/2022-12-31,7,2,2,0.998,0.2,208,nsmallest,13.88053,1.12465,0.99
2000-08-05/2022-12-31,4,10,2,0.997,0.2,208,nsmallest,13.86641,1.12453,0.99
2000-08-04/2022-12-31,7,7,2,0.997,0.2,208,nsmallest,13.82741,1.12437,0.98
2000-08-04/2022-12-31,4,6,1,0.999,0.2,208,nsmallest,13.8008,1.12428,0.92
2000-08-08/2022-12-31,5,10,2,0.998,0.2,208,nsmallest,13.73722,1.12411,0.96
2000-08-07/2022-12-31,5,10,2,0.998,0.2,208,nsmallest,13.73722,1.12409,0.96
2000-08-06/2022-12-31,5,10,2,0.998,0.2,208,nsmallest,13.73722,1.12408,0.96
2000-08-05/2022-12-31,5,6,1,0.997,0.2,208,nsmallest,13.67359,1.12383,0.99
2000-08-02/2022-12-31,6,6,2,0.997,0.2,208,nsmallest,13.68475,1.12382,0.99
2000-08-05/2022-12-31,7,3,2,0.999,0.2,208,nsmallest,13.62509,1.12365,1.0
2000-08-09/2022-12-31,5,6,2,0.997,0.2,208,nsmallest,13.60642,1.12365,0.99
2000-08-02/2022-12-31,7,5,2,0.997,0.2,208,nsmallest,13.56094,1.12337,0.95
2000-08-01/2022-12-31,4,10,2,0.999,0.2,208,nsmallest,13.52958,1.12323,0.98
2000-08-08/2022-12-31,5,10,1,0.998,0.2,208,nsmallest,13.41828,1.12293,0.95
2000-08-02/2022-12-31,3,7,2,0.997,0.2,208,nsmallest,13.44445,1.12293,1.0
2000-08-07/2022-12-31,5,10,1,0.998,0.2,208,nsmallest,13.41828,1.12292,0.95
2000-08-01/2022-12-31,6,6,2,0.997,0.2,208,nsmallest,13.43931,1.1229,0.97
2000-08-06/2022-12-31,5,10,1,0.998,0.2,208,nsmallest,13.41828,1.1229,0.95
2000-08-03/2022-12-31,2,10,2,0.998,0.2,208,nsmallest,13.42898,1.12289,0.99
2000-08-07/2022-12-31,1,7,2,0.998,0.2,208,nsmallest,13.40934,1.12288,0.99
2000-08-06/2022-12-31,1,7,2,0.998,0.2,208,nsmallest,13.40934,1.12287,0.99
2000-08-08/2022-12-31,6,10,2,0.998,0.2,208,nsmallest,13.39199,1.12283,0.99
2000-08-07/2022-12-31,6,10,2,0.998,0.2,208,nsmallest,13.39199,1.12282,0.99
2000-08-06/2022-12-31,6,10,2,0.998,0.2,208,nsmallest,13.39199,1.1228,0.99
2000-08-08/2022-12-31,5,7,2,0.998,0.2,208,nsmallest,13.37908,1.12279,0.97
2000-08-07/2022-12-31,5,7,2,0.998,0.2,208,nsmallest,13.37908,1.12277,0.97
2000-08-06/2022-12-31,5,7,2,0.998,0.2,208,nsmallest,13.37908,1.12275,0.97
2000-08-01/2022-12-31,3,6,1,0.997,0.2,208,nsmallest,13.39212,1.12272,1.0
2000-08-04/2022-12-31,6,6,2,0.997,0.2,208,nsmallest,13.36623,1.12267,0.98
2000-08-04/2022-12-31,7,10,2,0.997,0.2,208,nsmallest,13.3476,1.1226,0.99
2000-08-03/2022-12-31,7,5,2,0.999,0.2,208,nsmallest,13.33268,1.12253,1.0
2000-08-05/2022-12-31,5,4,1,0.997,0.2,208,nsmallest,13.29797,1.12243,0.99
2000-08-05/2022-12-31,6,10,2,0.998,0.2,208,nsmallest,13.29613,1.12243,0.99
2000-08-05/2022-12-31,4,10,2,0.998,0.2,208,nsmallest,13.2583,1.12228,0.99
2000-08-04/2022-12-31,2,6,1,0.997,0.2,208,nsmallest,13.25512,1.12226,0.96
2000-08-04/2022-12-31,5,7,2,0.999,0.2,208,nsmallest,13.25426,1.12225,1.0
2000-08-04/2022-12-31,3,10,2,0.997,0.2,208,nsmallest,13.23908,1.12219,1.0
2000-08-08/2022-12-31,7,10,1,0.998,0.2,208,nsmallest,13.21844,1.12218,0.99
2000-08-07/2022-12-31,7,10,1,0.998,0.2,208,nsmallest,13.21844,1.12216,0.99
2000-08-06/2022-12-31,7,10,1,0.998,0.2,208,nsmallest,13.21844,1.12215,0.99
2000-08-03/2022-12-31,3,5,1,0.997,0.2,208,nsmallest,13.21402,1.12208,0.83
2000-08-07/2022-12-31,5,10,1,0.997,0.2,208,nsmallest,13.19123,1.12206,1.0
2000-08-06/2022-12-31,5,10,1,0.997,0.2,208,nsmallest,13.19123,1.12205,1.0
2000-08-09/2022-12-31,6,4,2,0.998,0.2,208,nsmallest,13.17773,1.12204,0.98
2000-08-03/2022-12-31,5,10,1,0.998,0.2,208,nsmallest,13.17558,1.12194,0.98
2000-08-08/2022-12-31,1,7,2,0.998,0.2,208,nsmallest,13.12615,1.12183,0.98
2000-08-09/2022-12-31,6,3,2,0.999,0.2,208,nsmallest,13.02468,1.12146,1.0
2000-08-08/2022-12-31,4,10,2,0.998,0.2,208,nsmallest,12.9265,1.12106,0.97
2000-08-07/2022-12-31,4,10,2,0.998,0.2,208,nsmallest,12.9265,1.12105,0.97
2000-08-02/2022-12-31,5,7,1,0.999,0.2,208,nsmallest,12.94713,1.12105,0.97
2000-08-06/2022-12-31,4,10,2,0.998,0.2,208,nsmallest,12.9265,1.12103,0.97
2000-08-04/2022-12-31,7,3,2,0.997,0.2,208,nsmallest,12.93507,1.12103,0.99
2000-08-03/2022-12-31,4,10,2,0.998,0.2,208,nsmallest,12.92202,1.12097,0.98
2000-08-02/2022-12-31,3,7,1,0.999,0.2,208,nsmallest,12.91716,1.12093,1.0
2000-08-02/2022-12-31,3,5,2,0.998,0.2,208,nsmallest,12.87348,1.12076,1.0
2000-08-01/2022-12-31,6,7,2,0.999,0.2,208,nsmallest,12.86146,1.1207,0.99
2000-08-08/2022-12-31,7,3,1,0.998,0.2,208,nsmallest,12.82568,1.12067,0.99
2000-08-07/2022-12-31,7,3,1,0.998,0.2,208,nsmallest,12.82568,1.12065,0.99
2000-08-06/2022-12-31,7,3,1,0.998,0.2,208,nsmallest,12.82568,1.12064,0.99
2000-08-09/2022-12-31,5,10,2,0.999,0.2,208,nsmallest,12.81143,1.12063,0.93
2000-08-07/2022-12-31,3,10,2,0.998,0.2,208,nsmallest,12.75035,1.12036,1.0
2000-08-06/2022-12-31,3,10,2,0.998,0.2,208,nsmallest,12.75035,1.12034,1.0
2000-08-08/2022-12-31,3,10,1,0.997,0.2,208,nsmallest,12.73899,1.12033,0.99
2000-08-07/2022-12-31,3,10,1,0.997,0.2,208,nsmallest,12.73899,1.12031,0.99
2000-08-06/2022-12-31,3,10,1,0.997,0.2,208,nsmallest,12.73899,1.1203,0.99
2000-08-04/2022-12-31,3,10,2,0.998,0.2,208,nsmallest,12.68526,1.12006,1.0
2000-08-03/2022-12-31,4,10,1,0.997,0.2,208,nsmallest,12.61545,1.11977,0.99
2000-08-03/2022-12-31,3,10,2,0.998,0.2,208,nsmallest,12.56052,1.11955,1.0
2000-08-04/2022-12-31,6,10,2,0.997,0.2,208,nsmallest,12.52243,1.11941,0.99
2000-08-02/2022-12-31,5,10,2,0.997,0.2,208,nsmallest,12.50488,1.11931,0.96
2000-08-04/2022-12-31,5,6,1,0.998,0.2,208,nsmallest,12.49101,1.11929,0.97
2000-08-08/2022-12-31,3,10,1,0.998,0.2,208,nsmallest,12.35311,1.11879,0.99
2000-08-07/2022-12-31,3,10,1,0.998,0.2,208,nsmallest,12.35311,1.11878,0.99
2000-08-06/2022-12-31,3,10,1,0.998,0.2,208,nsmallest,12.35311,1.11876,0.99
2000-08-09/2022-12-31,6,10,2,0.997,0.2,208,nsmallest,12.32665,1.1187,0.9
2000-08-04/2022-12-31,7,6,2,0.998,0.2,208,nsmallest,12.32088,1.1186,0.99
2000-08-03/2022-12-31,5,10,1,0.997,0.2,208,nsmallest,12.3042,1.11852,0.98
2000-08-09/2022-12-31,6,7,2,0.997,0.2,208,nsmallest,12.26989,1.11847,0.98
2000-08-03/2022-12-31,3,10,2,0.997,0.2,208,nsmallest,12.25677,1.11832,1.0
2000-08-08/2022-12-31,3,10,2,0.998,0.2,208,nsmallest,12.18907,1.11812,0.99
2000-08-08/2022-12-31,6,10,1,0.998,0.2,208,nsmallest,12.13378,1.1179,0.97
2000-08-07/2022-12-31,6,10,1,0.998,0.2,208,nsmallest,12.13378,1.11788,0.97
2000-08-06/2022-12-31,6,10,1,0.998,0.2,208,nsmallest,12.13378,1.11787,0.97
2000-08-03/2022-12-31,7,6,2,0.997,0.2,208,nsmallest,12.06596,1.11754,0.95
2000-08-05/2022-12-31,6,10,2,0.997,0.2,208,nsmallest,12.04117,1.11747,0.99
2000-08-03/2022-12-31,6,7,1,0.998,0.2,208,nsmallest,12.04056,1.11744,1.0
2000-08-08/2022-12-31,2,7,2,0.998,0.2,208,nsmallest,12.0184,1.11742,0.98
2000-08-07/2022-12-31,2,7,2,0.998,0.2,208,nsmallest,12.0184,1.11741,0.98
2000-08-05/2022-12-31,6,7,2,0.999,0.2,208,nsmallest,12.02378,1.1174,0.99
2000-08-06/2022-12-31,2,7,2,0.998,0.2,208,nsmallest,12.0184,1.11739,0.98
2000-08-05/2022-12-31,7,3,1,0.997,0.2,208,nsmallest,11.98682,1.11724,0.98
2000-08-08/2022-12-31,7,4,2,0.999,0.2,208,nsmallest,11.97496,1.11724,0.98
2000-08-07/2022-12-31,7,4,2,0.999,0.2,208,nsmallest,11.97496,1.11723,0.98
2000-08-06/2022-12-31,7,4,2,0.999,0.2,208,nsmallest,11.97496,1.11721,0.98
2000-08-03/2022-12-31,6,7,2,0.999,0.2,208,nsmallest,11.95961,1.1171,0.99
2000-08-01/2022-12-31,5,7,2,0.997,0.2,208,nsmallest,11.94617,1.11701,1.0
2000-08-05/2022-12-31,5,7,1,0.999,0.2,208,nsmallest,11.92301,1.11698,0.95
2000-08-07/2022-12-31,5,10,2,0.997,0.2,208,nsmallest,11.85867,1.11674,1.0
2000-08-06/2022-12-31,5,10,2,0.997,0.2,208,nsmallest,11.85867,1.11672,1.0
2000-08-03/2022-12-31,6,6,2,0.998,0.2,208,nsmallest,11.82509,1.11654,0.95
2000-08-01/2022-12-31,7,3,1,0.997,0.2,208,nsmallest,11.80453,1.11642,1.0
2000-08-09/2022-12-31,6,4,1,0.997,0.2,208,nsmallest,11.74378,1.11628,0.98
2000-08-02/2022-12-31,3,5,1,0.999,0.2,208,nsmallest,11.76269,1.11626,1.0
2000-08-05/2022-12-31,5,6,2,0.997,0.2,208,nsmallest,11.73461,1.11618,1.0
2000-08-05/2022-12-31,5,7,1,0.998,0.2,208,nsmallest,11.72814,1.11616,0.99
2000-08-03/2022-12-31,6,6,1,0.999,0.2,208,nsmallest,11.71402,1.11607,0.93
2000-08-07/2022-12-31,1,7,2,0.997,0.2,208,nsmallest,11.69134,1.11603,0.98
2000-08-06/2022-12-31,1,7,2,0.997,0.2,208,nsmallest,11.69134,1.11602,0.98
2000-08-04/2022-12-31,6,7,1,0.997,0.2,208,nsmallest,11.68079,1.11594,0.94
2000-08-05/2022-12-31,7,3,2,0.998,0.2,208,nsmallest,11.52728,1.1153,1.0
2000-08-04/2022-12-31,5,6,2,0.998,0.2,208,nsmallest,11.51703,1.11524,0.98
2000-08-09/2022-12-31,6,5,1,0.997,0.2,208,nsmallest,11.49787,1.11523,0.98
2000-08-03/2022-12-31,6,6,2,0.997,0.2,208,nsmallest,11.50854,1.11519,0.95
2000-08-08/2022-12-31,1,7,2,0.997,0.2,208,nsmallest,11.43858,1.11496,0.96
2000-08-05/2022-12-31,6,4,2,0.998,0.2,208,nsmallest,11.44777,1.11495,0.98
2000-08-09/2022-12-31,6,3,2,0.998,0.2,208,nsmallest,11.37108,1.11468,1.0
2000-08-01/2022-12-31,2,6,1,0.999,0.2,208,nsmallest,11.37987,1.1146,0.99
2000-08-09/2022-12-31,7,5,2,0.997,0.2,208,nsmallest,11.3514,1.11459,0.98
2000-08-03/2022-12-31,2,10,2,0.997,0.2,208,nsmallest,11.35303,1.11451,0.98
2000-08-04/2022-12-31,4,10,2,0.999,0.2,208,nsmallest,11.32687,1.11441,0.96
2000-08-03/2022-12-31,4,10,2,0.997,0.2,208,nsmallest,11.26128,1.11411,0.97
2000-08-08/2022-12-31,1,5,2,0.998,0.2,208,nsmallest,11.22812,1.11403,1.0
2000-08-07/2022-12-31,1,5,2,0.998,0.2,208,nsmallest,11.22812,1.11402,1.0
2000-08-06/2022-12-31,1,5,2,0.998,0.2,208,nsmallest,11.22812,1.114,1.0
2000-08-05/2022-12-31,4,10,1,0.999,0.2,208,nsmallest,11.20429,1.11388,0.99
2000-08-04/2022-12-31,7,5,2,0.998,0.2,208,nsmallest,11.19406,1.11382,0.99
2000-08-02/2022-12-31,5,3,1,0.997,0.2,208,nsmallest,11.16792,1.11368,0.94
2000-08-03/2022-12-31,2,6,1,0.998,0.2,208,nsmallest,11.13346,1.11354,0.97
2000-08-08/2022-12-31,5,10,1,0.997,0.2,208,nsmallest,11.07779,1.11336,0.95
2000-08-08/2022-12-31,7,6,2,0.998,0.2,208,nsmallest,11.02789,1.11314,0.99
2000-08-07/2022-12-31,7,6,2,0.998,0.2,208,nsmallest,11.02789,1.11312,0.99
2000-08-06/2022-12-31,7,6,2,0.998,0.2,208,nsmallest,11.02789,1.11311,0.99
2000-08-05/2022-12-31,6,6,2,0.998,0.2,208,nsmallest,11.02602,1.11309,0.99
2000-08-04/2022-12-31,2,6,2,0.997,0.2,208,nsmallest,11.01802,1.11304,0.86
2000-08-09/2022-12-31,6,4,2,0.997,0.2,208,nsmallest,10.99283,1.11299,0.98
2000-08-08/2022-12-31,7,10,1,0.997,0.2,208,nsmallest,10.98063,1.11292,0.99
2000-08-07/2022-12-31,7,10,1,0.997,0.2,208,nsmallest,10.98063,1.11291,0.99
2000-08-06/2022-12-31,7,10,1,0.997,0.2,208,nsmallest,10.98063,1.1129,0.99
2000-08-09/2022-12-31,4,10,2,0.998,0.2,208,nsmallest,10.90603,1.1126,0.97
2000-08-04/2022-12-31,7,5,1,0.997,0.2,208,nsmallest,10.92154,1.1126,0.9
2000-08-09/2022-12-31,7,2,1,0.998,0.2,208,nsmallest,10.8767,1.11247,0.98
2000-08-08/2022-12-31,4,10,1,0.997,0.2,208,nsmallest,10.86646,1.11241,0.93
2000-08-07/2022-12-31,4,10,1,0.997,0.2,208,nsmallest,10.86646,1.11239,0.93
2000-08-06/2022-12-31,4,10,1,0.997,0.2,208,nsmallest,10.86646,1.11238,0.93
2000-08-03/2022-12-31,7,6,1,0.998,0.2,208,nsmallest,10.86235,1.11231,0.95
2000-08-08/2022-12-31,5,10,2,0.997,0.2,208,nsmallest,10.82597,1.11222,0.95
2000-08-04/2022-12-31,4,6,1,0.998,0.2,208,nsmallest,10.7913,1.112,0.96
2000-08-03/2022-12-31,5,5,1,0.999,0.2,208,nsmallest,10.7855,1.11196,0.98
2000-08-04/2022-12-31,2,7,1,0.997,0.2,208,nsmallest,10.75259,1.11182,1.0
2000-08-07/2022-12-31,3,10,2,0.997,0.2,208,nsmallest,10.59073,1.11111,1.0
2000-08-06/2022-12-31,3,10,2,0.997,0.2,208,nsmallest,10.59073,1.1111,1.0
2000-08-04/2022-12-31,7,10,1,0.998,0.2,208,nsmallest,10.58239,1.11103,0.99
2000-08-01/2022-12-31,4,10,2,0.997,0.2,208,nsmallest,10.57616,1.11096,0.98
2000-08-08/2022-12-31,6,10,2,0.997,0.2,208,nsmallest,10.46294,1.11053,0.99
2000-08-07/2022-12-31,6,10,2,0.997,0.2,208,nsmallest,10.46294,1.11051,0.99
2000-08-06/2022-12-31,6,10,2,0.997,0.2,208,nsmallest,10.46294,1.1105,0.99
2000-08-04/2022-12-31,6,7,2,0.999,0.2,208,nsmallest,10.46805,1.11049,0.95
2000-08-03/2022-12-31,5,7,1,0.998,0.2,208,nsmallest,10.46255,1.11045,0.99
2000-08-05/2022-12-31,7,3,2,0.997,0.2,208,nsmallest,10.44601,1.1104,0.99
2000-08-09/2022-12-31,7,7,1,0.999,0.2,208,nsmallest,10.434,1.1104,0.99
2000-08-05/2022-12-31,7,10,1,0.999,0.2,208,nsmallest,10.39809,1.11018,0.99
2000-08-02/2022-12-31,3,5,1,0.998,0.2,208,nsmallest,10.39277,1.11011,1.0
2000-08-07/2022-12-31,1,3,2,0.999,0.2,208,nsmallest,10.35372,1.10999,1.0
2000-08-06/2022-12-31,1,3,2,0.999,0.2,208,nsmallest,10.35372,1.10998,1.0
2000-08-02/2022-12-31,5,10,1,0.997,0.2,208,nsmallest,10.34742,1.10989,0.97
2000-08-02/2022-12-31,1,3,2,0.999,0.2,208,nsmallest,10.30208,1.10967,1.0
2000-08-09/2022-12-31,5,10,2,0.998,0.2,208,nsmallest,10.16978,1.10913,0.93
2000-08-08/2022-12-31,1,3,2,0.999,0.2,208,nsmallest,10.16431,1.10909,1.0
2000-08-08/2022-12-31,7,4,2,0.998,0.2,208,nsmallest,10.15244,1.10903,0.98
2000-08-07/2022-12-31,7,4,2,0.998,0.2,208,nsmallest,10.15244,1.10902,0.98
2000-08-06/2022-12-31,7,4,2,0.998,0.2,208,nsmallest,10.15244,1.10901,0.98
2000-08-08/2022-12-31,3,10,2,0.997,0.2,208,nsmallest,10.11922,1.10887,0.99
2000-08-02/2022-12-31,3,7,1,0.998,0.2,208,nsmallest,10.09451,1.10867,0.99
2000-08-05/2022-12-31,4,10,1,0.997,0.2,208,nsmallest,10.05641,1.10852,0.99
2000-08-01/2022-12-31,4,10,2,0.998,0.2,208,nsmallest,9.99988,1.10819,0.98
2000-08-03/2022-12-31,7,5,2,0.998,0.2,208,nsmallest,9.93622,1.1079,1.0
2000-08-08/2022-12-31,7,2,2,0.997,0.2,208,nsmallest,9.88751,1.10773,1.0
2000-08-07/2022-12-31,7,2,2,0.997,0.2,208,nsmallest,9.88751,1.10771,1.0
2000-08-06/2022-12-31,7,2,2,0.997,0.2,208,nsmallest,9.88751,1.1077,1.0
2000-08-04/2022-12-31,5,7,2,0.998,0.2,208,nsmallest,9.87497,1.10761,0.99
2000-08-08/2022-12-31,7,2,1,0.997,0.2,208,nsmallest,9.86445,1.10761,0.84
2000-08-07/2022-12-31,7,2,1,0.997,0.2,208,nsmallest,9.86445,1.1076,0.84
2000-08-06/2022-12-31,7,2,1,0.997,0.2,208,nsmallest,9.86445,1.10758,0.84
2000-08-03/2022-12-31,6,7,1,0.997,0.2,208,nsmallest,9.78646,1.10715,1.0
2000-08-02/2022-12-31,7,7,1,0.999,0.2,208,nsmallest,9.74119,1.10691,0.96
2000-08-05/2022-12-31,6,7,2,0.998,0.2,208,nsmallest,9.73258,1.1069,0.99
2000-08-02/2022-12-31,3,5,2,0.997,0.2,208,nsmallest,9.7145,1.10677,1.0
2000-08-09/2022-12-31,6,5,2,0.999,0.2,208,nsmallest,9.63784,1.10648,0.98
2000-08-08/2022-12-31,7,4,1,0.999,0.2,208,nsmallest,9.63758,1.10646,0.98
2000-08-07/2022-12-31,7,4,1,0.999,0.2,208,nsmallest,9.63758,1.10645,0.98
2000-08-06/2022-12-31,7,4,1,0.999,0.2,208,nsmallest,9.63758,1.10643,0.98
2000-08-04/2022-12-31,4,6,1,0.997,0.2,208,nsmallest,9.5631,1.10602,0.96
2000-08-03/2022-12-31,5,5,2,0.999,0.2,208,nsmallest,9.55424,1.10596,0.99
2000-08-03/2022-12-31,5,7,2,0.998,0.2,208,nsmallest,9.50626,1.10571,0.99
2000-08-04/2022-12-31,7,6,2,0.997,0.2,208,nsmallest,9.49267,1.10566,0.99
2000-08-05/2022-12-31,7,10,2,0.999,0.2,208,nsmallest,9.45089,1.10545,0.99
2000-08-01/2022-12-31,2,6,1,0.997,0.2,208,nsmallest,9.31624,1.10469,0.98
2000-08-09/2022-12-31,7,2,2,0.997,0.2,208,nsmallest,9.29612,1.10469,0.99
2000-08-01/2022-12-31,2,6,1,0.998,0.2,208,nsmallest,9.25967,1.10439,0.98
2000-08-02/2022-12-31,5,7,1,0.998,0.2,208,nsmallest,9.19945,1.10408,0.97
2000-08-01/2022-12-31,6,7,2,0.998,0.2,208,nsmallest,9.19973,1.10407,0.99
2000-08-07/2022-12-31,5,7,2,0.997,0.2,208,nsmallest,9.14254,1.10384,0.98
2000-08-06/2022-12-31,5,7,2,0.997,0.2,208,nsmallest,9.14254,1.10383,0.98
2000-08-08/2022-12-31,7,6,2,0.997,0.2,208,nsmallest,9.10412,1.10365,0.98
2000-08-07/2022-12-31,7,6,2,0.997,0.2,208,nsmallest,9.10412,1.10364,0.98
2000-08-02/2022-12-31,1,5,2,0.999,0.2,208,nsmallest,9.11546,1.10363,0.98
2000-08-06/2022-12-31,7,6,2,0.997,0.2,208,nsmallest,9.10412,1.10362,0.98
2000-08-08/2022-12-31,4,10,2,0.997,0.2,208,nsmallest,9.0987,1.10362,0.97
2000-08-07/2022-12-31,4,10,2,0.997,0.2,208,nsmallest,9.0987,1.10361,0.97
2000-08-06/2022-12-31,4,10,2,0.997,0.2,208,nsmallest,9.0987,1.10359,0.97
2000-08-04/2022-12-31,1,4,2,0.999,0.2,208,nsmallest,9.0512,1.10331,1.0
2000-08-08/2022-12-31,5,7,2,0.997,0.2,208,nsmallest,8.92102,1.10265,0.97
2000-08-08/2022-12-31,6,10,1,0.997,0.2,208,nsmallest,8.81483,1.10206,0.97
2000-08-07/2022-12-31,6,10,1,0.997,0.2,208,nsmallest,8.81483,1.10205,0.97
2000-08-06/2022-12-31,6,10,1,0.997,0.2,208,nsmallest,8.81483,1.10203,0.97
2000-08-02/2022-12-31,5,3,2,0.997,0.2,208,nsmallest,8.82334,1.10203,0.98
2000-08-05/2022-12-31,7,10,1,0.998,0.2,208,nsmallest,8.81137,1.102,0.99
2000-08-05/2022-12-31,5,7,2,0.999,0.2,208,nsmallest,8.72309,1.10151,0.99
2000-08-04/2022-12-31,7,10,1,0.997,0.2,208,nsmallest,8.65498,1.10111,0.99
2000-08-04/2022-12-31,5,6,1,0.997,0.2,208,nsmallest,8.62346,1.10093,0.97
2000-08-04/2022-12-31,6,7,2,0.998,0.2,208,nsmallest,8.60537,1.10083,0.95
2000-08-04/2022-12-31,7,5,2,0.997,0.2,208,nsmallest,8.56763,1.10061,0.99
2000-08-09/2022-12-31,7,7,2,0.999,0.2,208,nsmallest,8.52868,1.10045,0.99
2000-08-05/2022-12-31,5,7,1,0.997,0.2,208,nsmallest,8.51673,1.10033,0.99
2000-08-04/2022-12-31,5,6,2,0.997,0.2,208,nsmallest,8.49923,1.10022,0.97
2000-08-08/2022-12-31,7,4,1,0.998,0.2,208,nsmallest,8.47098,1.1001,0.98
2000-08-07/2022-12-31,7,4,1,0.998,0.2,208,nsmallest,8.47098,1.10009,0.98
2000-08-06/2022-12-31,7,4,1,0.998,0.2,208,nsmallest,8.47098,1.10008,0.98
2000-08-09/2022-12-31,6,3,2,0.997,0.2,208,nsmallest,8.44919,1.09999,1.0
2000-08-05/2022-12-31,6,7,2,0.997,0.2,208,nsmallest,8.42285,1.09979,0.99
2000-08-03/2022-12-31,6,7,2,0.998,0.2,208,nsmallest,8.41564,1.09972,0.99
2000-08-04/2022-12-31,4,10,2,0.998,0.2,208,nsmallest,8.34567,1.09932,0.94
2000-08-05/2022-12-31,6,4,2,0.997,0.2,208,nsmallest,8.30623,1.0991,0.98
2000-08-01/2022-12-31,6,7,2,0.997,0.2,208,nsmallest,8.21292,1.0985,0.99
2000-08-03/2022-12-31,6,6,1,0.998,0.2,208,nsmallest,8.20643,1.09848,0.93
2000-08-08/2022-12-31,1,5,2,0.997,0.2,208,nsmallest,8.16407,1.09829,1.0
2000-08-07/2022-12-31,1,5,2,0.997,0.2,208,nsmallest,8.16407,1.09828,1.0
2000-08-06/2022-12-31,1,5,2,0.997,0.2,208,nsmallest,8.16407,1.09827,1.0
2000-08-05/2022-12-31,7,10,2,0.998,0.2,208,nsmallest,8.13344,1.09807,0.99
2000-08-09/2022-12-31,7,7,1,0.998,0.2,208,nsmallest,8.01497,1.0974,0.99
2000-08-09/2022-12-31,4,10,2,0.997,0.2,208,nsmallest,8.01051,1.09737,0.97
2000-08-04/2022-12-31,5,7,2,0.997,0.2,208,nsmallest,7.96353,1.09702,0.99
2000-08-05/2022-12-31,6,6,2,0.997,0.2,208,nsmallest,7.95871,1.09701,0.99
2000-08-08/2022-12-31,7,3,1,0.997,0.2,208,nsmallest,7.91285,1.09676,0.98
2000-08-07/2022-12-31,7,3,1,0.997,0.2,208,nsmallest,7.91285,1.09675,0.98
2000-08-06/2022-12-31,7,3,1,0.997,0.2,208,nsmallest,7.91285,1.09674,0.98
2000-08-02/2022-12-31,2,10,1,0.998,0.2,208,nsmallest,7.879,1.09648,0.97
2000-08-05/2022-12-31,5,10,2,0.998,0.2,208,nsmallest,7.85483,1.09636,0.99
2000-08-05/2022-12-31,4,10,1,0.998,0.2,208,nsmallest,7.83246,1.09622,0.99
2000-08-09/2022-12-31,6,5,2,0.998,0.2,208,nsmallest,7.81505,1.09616,0.98
2000-08-09/2022-12-31,5,10,2,0.997,0.2,208,nsmallest,7.77842,1.09593,0.93
2000-08-03/2022-12-31,5,5,1,0.998,0.2,208,nsmallest,7.7871,1.09592,0.99
2000-08-02/2022-12-31,7,7,2,0.999,0.2,208,nsmallest,7.74909,1.09566,0.96
2000-08-08/2022-12-31,7,4,2,0.997,0.2,208,nsmallest,7.73585,1.09565,0.98
2000-08-07/2022-12-31,7,4,2,0.997,0.2,208,nsmallest,7.73585,1.09564,0.98
2000-08-06/2022-12-31,7,4,2,0.997,0.2,208,nsmallest,7.73585,1.09563,0.98
2000-08-05/2022-12-31,5,7,2,0.998,0.2,208,nsmallest,7.69186,1.09534,0.99
2000-08-04/2022-12-31,1,6,2,0.999,0.2,208,nsmallest,7.69217,1.09533,1.0
2000-08-02/2022-12-31,5,7,1,0.997,0.2,208,nsmallest,7.67745,1.09521,0.97
2000-08-05/2022-12-31,5,10,2,0.999,0.2,208,nsmallest,7.65473,1.0951,0.99
2000-08-03/2022-12-31,5,10,2,0.999,0.2,208,nsmallest,7.59393,1.09469,0.98
2000-08-03/2022-12-31,7,5,2,0.997,0.2,208,nsmallest,7.58686,1.09464,1.0
2000-08-03/2022-12-31,5,7,1,0.997,0.2,208,nsmallest,7.52904,1.09427,0.99
2000-08-04/2022-12-31,4,10,2,0.997,0.2,208,nsmallest,7.50603,1.09413,0.94
2000-08-03/2022-12-31,6,7,2,0.997,0.2,208,nsmallest,7.4821,1.09396,0.99
2000-08-09/2022-12-31,7,4,1,0.999,0.2,208,nsmallest,7.43999,1.09376,0.99
2000-08-09/2022-12-31,1,6,2,0.999,0.2,208,nsmallest,7.38969,1.09343,0.98
2000-08-05/2022-12-31,1,4,2,0.999,0.2,208,nsmallest,7.39237,1.0934,1.0
2000-08-02/2022-12-31,3,7,1,0.997,0.2,208,nsmallest,7.37493,1.09325,0.98
2000-08-09/2022-12-31,7,2,1,0.997,0.2,208,nsmallest,7.27422,1.09266,0.97
2000-08-02/2022-12-31,7,7,1,0.998,0.2,208,nsmallest,7.26415,1.09251,0.96
2000-08-03/2022-12-31,1,4,2,0.999,0.2,208,nsmallest,7.25865,1.09248,0.99
2000-08-02/2022-12-31,3,5,1,0.997,0.2,208,nsmallest,7.2241,1.09224,1.0
2000-08-03/2022-12-31,5,5,2,0.998,0.2,208,nsmallest,7.16853,1.09188,1.0
2000-08-03/2022-12-31,7,5,1,0.999,0.2,208,nsmallest,7.07952,1.09127,0.96
2000-08-03/2022-12-31,5,5,1,0.997,0.2,208,nsmallest,7.00849,1.09078,0.99
2000-08-08/2022-12-31,2,7,2,0.997,0.2,208,nsmallest,6.93311,1.09031,0.98
2000-08-07/2022-12-31,2,7,2,0.997,0.2,208,nsmallest,6.93311,1.0903,0.98
2000-08-05/2022-12-31,7,10,1,0.997,0.2,208,nsmallest,6.93686,1.0903,0.99
2000-08-06/2022-12-31,2,7,2,0.997,0.2,208,nsmallest,6.93311,1.09028,0.98
2000-08-03/2022-12-31,7,6,1,0.997,0.2,208,nsmallest,6.92483,1.09019,0.95
2000-08-03/2022-12-31,2,6,1,0.997,0.2,208,nsmallest,6.87169,1.08982,0.96
2000-08-09/2022-12-31,6,5,2,0.997,0.2,208,nsmallest,6.82298,1.08954,0.98
2000-08-03/2022-12-31,5,7,2,0.997,0.2,208,nsmallest,6.75682,1.089,0.99
2000-08-02/2022-12-31,2,10,2,0.998,0.2,208,nsmallest,6.756,1.08898,0.97
2000-08-05/2022-12-31,7,10,2,0.997,0.2,208,nsmallest,6.73275,1.08885,0.99
2000-08-03/2022-12-31,5,5,2,0.997,0.2,208,nsmallest,6.72993,1.0888,1.0
2000-08-03/2022-12-31,1,10,2,0.999,0.2,208,nsmallest,6.68165,1.08845,0.96
2000-08-09/2022-12-31,7,7,2,0.998,0.2,208,nsmallest,6.66577,1.08841,0.99
2000-08-04/2022-12-31,1,6,2,0.998,0.2,208,nsmallest,6.5567,1.08755,0.99
2000-08-02/2022-12-31,7,7,2,0.997,0.2,208,nsmallest,6.47994,1.08695,0.94
2000-08-05/2022-12-31,5,10,2,0.997,0.2,208,nsmallest,6.45982,1.08684,0.99
2000-08-02/2022-12-31,1,5,2,0.998,0.2,208,nsmallest,6.39748,1.08633,0.98
2000-08-03/2022-12-31,7,5,1,0.998,0.2,208,nsmallest,6.35509,1.08602,0.92
2000-08-01/2022-12-31,7,7,2,0.998,0.2,208,nsmallest,6.27168,1.08536,0.99
2000-08-03/2022-12-31,5,10,2,0.998,0.2,208,nsmallest,6.19533,1.08479,0.98
2000-08-02/2022-12-31,2,10,1,0.997,0.2,208,nsmallest,6.17875,1.08465,0.97
2000-08-07/2022-12-31,1,3,2,0.998,0.2,208,nsmallest,6.12196,1.08426,1.0
2000-08-06/2022-12-31,1,3,2,0.998,0.2,208,nsmallest,6.12196,1.08424,1.0
2000-08-09/2022-12-31,7,7,1,0.997,0.2,208,nsmallest,6.10591,1.08415,0.99
2000-08-05/2022-12-31,5,7,2,0.997,0.2,208,nsmallest,6.09219,1.084,0.99
2000-08-02/2022-12-31,1,3,2,0.998,0.2,208,nsmallest,6.08532,1.08391,1.0
2000-08-04/2022-12-31,6,7,2,0.997,0.2,208,nsmallest,6.01865,1.0834,0.95
2000-08-08/2022-12-31,1,3,2,0.998,0.2,208,nsmallest,6.0069,1.08335,1.0
2000-08-02/2022-12-31,2,10,1,0.999,0.2,208,nsmallest,6.01155,1.08332,0.97
2000-08-03/2022-12-31,5,10,2,0.997,0.2,208,nsmallest,5.97319,1.08302,0.98
2000-08-04/2022-12-31,1,4,2,0.998,0.2,208,nsmallest,5.93497,1.08272,1.0
2000-08-02/2022-12-31,2,10,2,0.999,0.2,208,nsmallest,5.87481,1.08221,0.97
2000-08-02/2022-12-31,7,7,2,0.998,0.2,208,nsmallest,5.87359,1.0822,0.95
2000-08-03/2022-12-31,6,6,1,0.997,0.2,208,nsmallest,5.87017,1.08218,0.92
2000-08-01/2022-12-31,7,7,2,0.997,0.2,208,nsmallest,5.86551,1.08212,0.98
2000-08-08/2022-12-31,7,4,1,0.997,0.2,208,nsmallest,5.80952,1.08173,0.98
2000-08-07/2022-12-31,7,4,1,0.997,0.2,208,nsmallest,5.80952,1.08172,0.98
2000-08-06/2022-12-31,7,4,1,0.997,0.2,208,nsmallest,5.80952,1.08171,0.98
2000-08-05/2022-12-31,1,6,2,0.999,0.2,208,nsmallest,5.78172,1.08147,0.99
2000-08-02/2022-12-31,7,7,1,0.997,0.2,208,nsmallest,5.75552,1.08122,0.96
2000-08-01/2022-12-31,7,7,2,0.999,0.2,208,nsmallest,5.66197,1.08042,0.99
2000-08-01/2022-12-31,6,10,1,0.999,0.2,208,nsmallest,5.6621,1.08042,0.98
2000-08-05/2022-12-31,1,5,2,0.999,0.2,208,nsmallest,5.63356,1.08022,1.0
2000-08-04/2022-12-31,1,7,2,0.999,0.2,208,nsmallest,5.53153,1.07933,0.98
2000-08-02/2022-12-31,2,10,2,0.997,0.2,208,nsmallest,5.48054,1.07886,0.97
2000-08-04/2022-12-31,1,4,2,0.997,0.2,208,nsmallest,5.43652,1.07849,1.0
2000-08-02/2022-12-31,1,5,2,0.997,0.2,208,nsmallest,5.4039,1.07818,0.98
2000-08-03/2022-12-31,1,4,2,0.998,0.2,208,nsmallest,5.29425,1.07721,0.98
2000-08-09/2022-12-31,7,4,1,0.998,0.2,208,nsmallest,5.25684,1.07692,0.99
2000-08-04/2022-12-31,1,6,2,0.997,0.2,208,nsmallest,5.23133,1.07664,0.98
2000-08-09/2022-12-31,1,6,2,0.997,0.2,208,nsmallest,5.18458,1.07626,0.97
2000-08-09/2022-12-31,7,7,2,0.997,0.2,208,nsmallest,5.11443,1.0756,0.99
2000-08-02/2022-12-31,6,10,1,0.999,0.2,208,nsmallest,5.02066,1.07465,0.98
2000-08-09/2022-12-31,2,10,2,0.999,0.2,208,nsmallest,4.97349,1.07426,0.93
2000-08-03/2022-12-31,7,5,1,0.997,0.2,208,nsmallest,4.97848,1.07426,0.91
2000-08-09/2022-12-31,1,6,2,0.998,0.2,208,nsmallest,4.78476,1.07241,0.98
2000-08-09/2022-12-31,2,10,1,0.999,0.2,208,nsmallest,4.78055,1.07237,0.93
2000-08-03/2022-12-31,1,10,2,0.998,0.2,208,nsmallest,4.61642,1.07064,0.96
2000-08-04/2022-12-31,1,7,2,0.998,0.2,208,nsmallest,4.53136,1.06976,0.98
2000-08-09/2022-12-31,7,4,1,0.997,0.2,208,nsmallest,4.51895,1.06968,0.99
2000-08-01/2022-12-31,6,10,1,0.998,0.2,208,nsmallest,4.35325,1.06782,0.98
2000-08-09/2022-12-31,7,10,2,0.999,0.2,208,nsmallest,4.31604,1.06748,0.99
2000-08-03/2022-12-31,1,10,2,0.997,0.2,208,nsmallest,4.19625,1.06609,0.96
2000-08-01/2022-12-31,1,6,2,0.999,0.2,208,nsmallest,4.19169,1.06602,0.99
2000-08-04/2022-12-31,1,3,2,0.999,0.2,208,nsmallest,4.17301,1.06584,0.97
2000-08-05/2022-12-31,1,4,2,0.998,0.2,208,nsmallest,4.09358,1.06493,1.0
2000-08-01/2022-12-31,1,7,2,0.999,0.2,208,nsmallest,4.02552,1.0641,0.99
2000-08-05/2022-12-31,1,6,2,0.998,0.2,208,nsmallest,4.00812,1.06393,0.99
2000-08-05/2022-12-31,1,5,2,0.998,0.2,208,nsmallest,3.90184,1.06265,1.0
2000-08-02/2022-12-31,1,10,2,0.999,0.2,208,nsmallest,3.89345,1.06253,0.96
2000-08-04/2022-12-31,1,7,2,0.997,0.2,208,nsmallest,3.73482,1.06057,0.98
2000-08-01/2022-12-31,6,10,1,0.997,0.2,208,nsmallest,3.67438,1.05978,0.98
2000-08-02/2022-12-31,6,10,1,0.998,0.2,208,nsmallest,3.66691,1.05969,0.98
2000-08-03/2022-12-31,6,10,2,0.997,0.2,208,nsmallest,3.60957,1.05895,0.99
2000-08-03/2022-12-31,6,10,2,0.999,0.2,208,nsmallest,3.60222,1.05886,0.99
2000-08-09/2022-12-31,1,10,2,0.999,0.2,208,nsmallest,3.53261,1.05798,0.96
2000-08-02/2022-12-31,1,2,2,0.999,0.2,208,nsmallest,3.51117,1.05764,0.99
2000-08-03/2022-12-31,1,6,2,0.999,0.2,208,nsmallest,3.50016,1.0575,1.0
2000-08-05/2022-12-31,1,2,2,0.999,0.2,208,nsmallest,3.45947,1.05696,0.99
2000-08-09/2022-12-31,7,10,2,0.998,0.2,208,nsmallest,3.43459,1.05665,0.99
2000-08-05/2022-12-31,5,10,1,0.998,0.2,208,nsmallest,3.42534,1.05649,0.99
2000-08-01/2022-12-31,6,10,2,0.999,0.2,208,nsmallest,3.40397,1.05617,0.98
2000-08-05/2022-12-31,5,10,1,0.999,0.2,208,nsmallest,3.38146,1.05589,0.99
2000-08-07/2022-12-31,1,3,2,0.997,0.2,208,nsmallest,3.37458,1.0558,0.96
2000-08-06/2022-12-31,1,3,2,0.997,0.2,208,nsmallest,3.37458,1.0558,0.96
2000-08-09/2022-12-31,2,10,2,0.998,0.2,208,nsmallest,3.37196,1.05578,0.93
2000-08-04/2022-12-31,4,10,1,0.999,0.2,208,nsmallest,3.35693,1.05554,0.94
2000-08-02/2022-12-31,1,3,2,0.997,0.2,208,nsmallest,3.35103,1.05544,0.95
2000-08-09/2022-12-31,1,10,2,0.998,0.2,208,nsmallest,3.34151,1.05535,1.0
2000-08-09/2022-12-31,2,10,1,0.998,0.2,208,nsmallest,3.31766,1.05502,0.93
2000-08-01/2022-12-31,1,7,2,0.998,0.2,208,nsmallest,3.31318,1.0549,0.99
2000-08-08/2022-12-31,1,3,2,0.997,0.2,208,nsmallest,3.30947,1.05489,0.95
2000-08-01/2022-12-31,1,6,2,0.998,0.2,208,nsmallest,3.29401,1.05462,0.99
2000-08-02/2022-12-31,1,10,2,0.998,0.2,208,nsmallest,3.22269,1.0536,0.96
2000-08-05/2022-12-31,1,7,2,0.999,0.2,208,nsmallest,3.16108,1.05271,0.96
2000-08-02/2022-12-31,1,10,2,0.997,0.2,208,nsmallest,3.14674,1.05248,0.95
2000-08-02/2022-12-31,6,10,2,0.999,0.2,208,nsmallest,3.10534,1.05186,0.98
2000-08-03/2022-12-31,6,10,1,0.997,0.2,208,nsmallest,3.09679,1.05174,0.98
2000-08-09/2022-12-31,7,10,1,0.999,0.2,208,nsmallest,3.08734,1.05163,0.98
2000-08-02/2022-12-31,6,10,1,0.997,0.2,208,nsmallest,3.00823,1.05037,0.97
2000-08-04/2022-12-31,1,3,2,0.998,0.2,208,nsmallest,2.93488,1.04922,0.97
2000-08-03/2022-12-31,6,10,1,0.999,0.2,208,nsmallest,2.93247,1.04918,0.99
2000-08-02/2022-12-31,1,6,2,0.999,0.2,208,nsmallest,2.93254,1.04917,1.0
2000-08-05/2022-12-31,1,3,2,0.999,0.2,208,nsmallest,2.91463,1.04891,0.99
2000-08-03/2022-12-31,1,4,2,0.997,0.2,208,nsmallest,2.90992,1.04882,0.98
2000-08-05/2022-12-31,1,4,2,0.997,0.2,208,nsmallest,2.9082,1.0488,1.0
2000-08-03/2022-12-31,6,10,2,0.998,0.2,208,nsmallest,2.90213,1.04869,0.99
2000-08-01/2022-12-31,6,10,2,0.998,0.2,208,nsmallest,2.8973,1.0486,0.99
2000-08-01/2022-12-31,1,3,2,0.999,0.2,208,nsmallest,2.87701,1.04827,0.98
2000-08-05/2022-12-31,1,5,2,0.997,0.2,208,nsmallest,2.84515,1.04778,1.0
2000-08-05/2022-12-31,5,10,1,0.997,0.2,208,nsmallest,2.82065,1.04737,0.99
2000-08-05/2022-12-31,1,10,2,0.999,0.2,208,nsmallest,2.80073,1.04704,1.0
2000-08-03/2022-12-31,1,5,2,0.999,0.2,208,nsmallest,2.77168,1.04654,1.0
2000-08-01/2022-12-31,5,1,1,0.999,0.2,208,nsmallest,2.7314,1.04585,0.51
2000-08-01/2022-12-31,5,1,1,0.998,0.2,208,nsmallest,2.7314,1.04585,0.51
2000-08-01/2022-12-31,5,1,1,0.997,0.2,208,nsmallest,2.7314,1.04585,0.51
2000-08-09/2022-12-31,5,1,1,0.998,0.2,208,nsmallest,2.71598,1.04563,0.51
2000-08-09/2022-12-31,5,1,1,0.997,0.2,208,nsmallest,2.71598,1.04563,0.51
2000-08-09/2022-12-31,5,1,1,0.999,0.2,208,nsmallest,2.71598,1.04563,0.51
2000-08-03/2022-12-31,1,6,2,0.998,0.2,208,nsmallest,2.70248,1.04536,1.0
2000-08-04/2022-12-31,4,10,1,0.997,0.2,208,nsmallest,2.68713,1.0451,0.94
2000-08-03/2022-12-31,1,7,2,0.999,0.2,208,nsmallest,2.60939,1.04373,0.97
2000-08-05/2022-12-31,1,6,2,0.997,0.2,208,nsmallest,2.58988,1.04339,0.99
2000-08-09/2022-12-31,7,10,2,0.997,0.2,208,nsmallest,2.58164,1.04326,0.99
2000-08-04/2022-12-31,1,5,2,0.999,0.2,208,nsmallest,2.54761,1.04262,1.0
2000-08-04/2022-12-31,4,10,1,0.998,0.2,208,nsmallest,2.54637,1.0426,0.94
2000-08-09/2022-12-31,1,10,2,0.997,0.2,208,nsmallest,2.5399,1.0425,0.99
2000-08-05/2022-12-31,1,10,2,0.998,0.2,208,nsmallest,2.51216,1.04197,1.0
2000-08-01/2022-12-31,1,6,2,0.997,0.2,208,nsmallest,2.39772,1.03979,0.98
2000-08-01/2022-12-31,6,10,2,0.997,0.2,208,nsmallest,2.3861,1.03956,0.99
2000-08-02/2022-12-31,1,7,2,0.999,0.2,208,nsmallest,2.37078,1.03927,1.0
2000-08-09/2022-12-31,2,10,1,0.997,0.2,208,nsmallest,2.33984,1.03869,0.93
2000-08-09/2022-12-31,2,10,2,0.997,0.2,208,nsmallest,2.32616,1.03842,0.93
2000-08-01/2022-12-31,1,7,2,0.997,0.2,208,nsmallest,2.32472,1.03835,0.98
2000-08-07/2022-12-31,1,10,2,0.999,0.2,208,nsmallest,2.31782,1.03824,1.0
2000-08-06/2022-12-31,1,10,2,0.999,0.2,208,nsmallest,2.31782,1.03824,1.0
2000-08-09/2022-12-31,7,10,1,0.998,0.2,208,nsmallest,2.30477,1.03799,0.98
2000-08-03/2022-12-31,6,10,1,0.998,0.2,208,nsmallest,2.30463,1.03796,0.99
2000-08-05/2022-12-31,1,7,2,0.997,0.2,208,nsmallest,2.26435,1.03715,0.97
2000-08-07/2022-12-31,1,4,2,0.999,0.2,208,nsmallest,2.26189,1.03711,0.99
2000-08-06/2022-12-31,1,4,2,0.999,0.2,208,nsmallest,2.26189,1.03711,0.99
2000-08-01/2022-12-31,1,4,2,0.999,0.2,208,nsmallest,2.25061,1.03685,0.98
2000-08-05/2022-12-31,1,7,2,0.998,0.2,208,nsmallest,2.23609,1.03657,0.98
2000-08-02/2022-12-31,6,10,2,0.998,0.2,208,nsmallest,2.22546,1.03634,0.98
2000-08-08/2022-12-31,1,10,2,0.999,0.2,208,nsmallest,2.22009,1.03625,0.98
2000-08-08/2022-12-31,1,4,2,0.999,0.2,208,nsmallest,2.21525,1.03615,0.98
2000-08-05/2022-12-31,1,10,2,0.997,0.2,208,nsmallest,2.18827,1.03557,1.0
2000-08-09/2022-12-31,1,7,2,0.999,0.2,208,nsmallest,2.14616,1.03469,1.0
2000-08-09/2022-12-31,1,5,2,0.999,0.2,208,nsmallest,2.12635,1.03426,0.99
2000-08-01/2022-12-31,1,5,2,0.999,0.2,208,nsmallest,2.11574,1.034,0.99
2000-08-03/2022-12-31,1,7,2,0.998,0.2,208,nsmallest,2.03218,1.03215,0.98
2000-08-07/2022-12-31,1,10,2,0.998,0.2,208,nsmallest,2.026,1.03203,1.0
2000-08-06/2022-12-31,1,10,2,0.998,0.2,208,nsmallest,2.026,1.03202,1.0
2000-08-04/2022-12-31,1,5,2,0.998,0.2,208,nsmallest,2.0198,1.03187,1.0
2000-08-07/2022-12-31,1,6,2,0.999,0.2,208,nsmallest,2.00343,1.03151,1.0
2000-08-06/2022-12-31,1,6,2,0.999,0.2,208,nsmallest,2.00343,1.03151,1.0
2000-08-07/2022-12-31,1,7,1,0.997,0.2,208,nsmallest,1.99637,1.03135,0.3
2000-08-06/2022-12-31,1,7,1,0.997,0.2,208,nsmallest,1.99637,1.03134,0.3
2000-08-02/2022-12-31,6,10,2,0.997,0.2,208,nsmallest,1.99474,1.03129,0.98
2000-08-04/2022-12-31,1,10,2,0.999,0.2,208,nsmallest,1.95555,1.03038,0.96
2000-08-04/2022-12-31,1,3,2,0.997,0.2,208,nsmallest,1.948,1.03021,0.96
2000-08-08/2022-12-31,1,6,2,0.999,0.2,208,nsmallest,1.946,1.03017,1.0
2000-08-08/2022-12-31,1,10,2,0.998,0.2,208,nsmallest,1.93956,1.03002,0.98
2000-08-08/2022-12-31,1,7,1,0.997,0.2,208,nsmallest,1.91187,1.02936,0.19
2000-08-03/2022-12-31,1,5,2,0.998,0.2,208,nsmallest,1.91204,1.02935,1.0
2000-08-02/2022-12-31,1,6,2,0.998,0.2,208,nsmallest,1.86354,1.02816,1.0
2000-08-07/2022-12-31,1,7,1,0.998,0.2,208,nsmallest,1.86008,1.0281,0.25
2000-08-06/2022-12-31,1,7,1,0.998,0.2,208,nsmallest,1.86008,1.02809,0.25
2000-08-01/2022-12-31,1,10,2,0.999,0.2,208,nsmallest,1.79499,1.02644,0.98
2000-08-08/2022-12-31,1,7,1,0.998,0.2,208,nsmallest,1.78313,1.02616,0.17
2000-08-04/2022-12-31,1,10,2,0.998,0.2,208,nsmallest,1.77764,1.02601,0.96
2000-08-09/2022-12-31,7,10,1,0.997,0.2,208,nsmallest,1.76771,1.02577,0.98
2000-08-02/2022-12-31,1,7,2,0.998,0.2,208,nsmallest,1.74634,1.02519,0.99
2000-08-04/2022-12-31,1,10,2,0.997,0.2,208,nsmallest,1.70028,1.02397,0.96
2000-08-05/2022-12-31,7,1,1,0.997,0.2,208,nsmallest,1.65224,1.02267,0.32
2000-08-05/2022-12-31,7,1,1,0.998,0.2,208,nsmallest,1.65224,1.02267,0.32
2000-08-05/2022-12-31,7,1,1,0.999,0.2,208,nsmallest,1.65224,1.02267,0.32
2000-08-07/2022-12-31,1,7,1,0.999,0.2,208,nsmallest,1.65036,1.02262,0.21
2000-08-06/2022-12-31,1,7,1,0.999,0.2,208,nsmallest,1.65036,1.02262,0.21
2000-08-02/2022-12-31,1,2,2,0.998,0.2,208,nsmallest,1.59338,1.021,0.93
2000-08-08/2022-12-31,1,7,1,0.999,0.2,208,nsmallest,1.58368,1.02074,0.16
2000-08-05/2022-12-31,1,2,2,0.998,0.2,208,nsmallest,1.57226,1.0204,0.92
2000-08-03/2022-12-31,1,7,2,0.997,0.2,208,nsmallest,1.56266,1.02012,0.97
2000-08-09/2022-12-31,1,4,2,0.999,0.2,208,nsmallest,1.55635,1.01995,1.0
2000-08-02/2022-12-31,1,4,2,0.999,0.2,208,nsmallest,1.54859,1.01971,1.0
2000-08-06/2022-12-31,1,6,2,0.998,0.2,208,nsmallest,1.53864,1.01942,1.0
2000-08-07/2022-12-31,1,6,2,0.998,0.2,208,nsmallest,1.53864,1.01942,1.0
2000-08-03/2022-12-31,1,6,2,0.997,0.2,208,nsmallest,1.53242,1.01923,1.0
2000-08-09/2022-12-31,1,7,2,0.998,0.2,208,nsmallest,1.50742,1.0185,1.0
2000-08-08/2022-12-31,1,6,2,0.998,0.2,208,nsmallest,1.49375,1.01808,1.0
2000-08-07/2022-12-31,1,10,2,0.997,0.2,208,nsmallest,1.46829,1.0173,0.99
2000-08-06/2022-12-31,1,10,2,0.997,0.2,208,nsmallest,1.46829,1.01729,0.99
2000-08-07/2022-12-31,1,4,2,0.998,0.2,208,nsmallest,1.41989,1.01578,0.99
2000-08-06/2022-12-31,1,4,2,0.998,0.2,208,nsmallest,1.41989,1.01577,0.99
2000-08-01/2022-12-31,1,4,2,0.998,0.2,208,nsmallest,1.4114,1.01549,0.98
2000-08-08/2022-12-31,1,10,2,0.997,0.2,208,nsmallest,1.40491,1.0153,0.97
2000-08-03/2022-12-31,1,5,2,0.997,0.2,208,nsmallest,1.39973,1.01512,0.99
2000-08-05/2022-12-31,1,3,2,0.998,0.2,208,nsmallest,1.39773,1.01506,0.98
2000-08-08/2022-12-31,1,4,2,0.998,0.2,208,nsmallest,1.38991,1.01481,0.98
2000-08-04/2022-12-31,1,5,2,0.997,0.2,208,nsmallest,1.3845,1.01463,0.92
2000-08-01/2022-12-31,1,3,2,0.998,0.2,208,nsmallest,1.37762,1.01439,0.97
2000-08-06/2022-12-31,1,6,2,0.997,0.2,208,nsmallest,1.37547,1.01433,1.0
2000-08-07/2022-12-31,1,6,2,0.997,0.2,208,nsmallest,1.37547,1.01433,1.0
2000-08-02/2022-12-31,1,6,2,0.997,0.2,208,nsmallest,1.34368,1.01327,1.0
2000-08-08/2022-12-31,1,6,2,0.997,0.2,208,nsmallest,1.33466,1.01297,1.0
2000-08-01/2022-12-31,1,10,2,0.998,0.2,208,nsmallest,1.26825,1.01066,0.93
2000-08-01/2022-12-31,1,10,2,0.997,0.2,208,nsmallest,1.22847,1.00922,0.94
2000-08-09/2022-12-31,1,5,2,0.998,0.2,208,nsmallest,1.20446,1.00834,0.98
2000-08-01/2022-12-31,1,5,2,0.998,0.2,208,nsmallest,1.19725,1.00806,0.98
2000-08-02/2022-12-31,1,7,2,0.997,0.2,208,nsmallest,1.18119,1.00746,0.99
2000-08-09/2022-12-31,1,7,2,0.997,0.2,208,nsmallest,1.1382,1.0058,1.0
2000-08-03/2022-12-31,1,3,2,0.999,0.2,208,nsmallest,1.04857,1.00212,1.0
2000-08-09/2022-12-31,1,3,2,0.999,0.2,208,nsmallest,1.04265,1.00187,1.0
2000-08-09/2022-12-31,1,5,2,0.997,0.2,208,nsmallest,1.02212,1.00098,0.98
2000-08-01/2022-12-31,1,5,2,0.997,0.2,208,nsmallest,1.01499,1.00066,0.98
2000-08-09/2022-12-31,1,4,2,0.998,0.2,208,nsmallest,1.00829,1.00037,0.93
2000-08-02/2022-12-31,1,4,2,0.998,0.2,208,nsmallest,1.00226,1.0001,0.92
2000-08-02/2022-12-31,1,2,2,0.997,0.2,208,nsmallest,0.98552,0.99935,0.67
2000-08-05/2022-12-31,1,3,2,0.997,0.2,208,nsmallest,0.98158,0.99917,0.81
2000-08-05/2022-12-31,1,2,2,0.997,0.2,208,nsmallest,0.9739,0.99882,0.65
2000-08-06/2022-12-31,1,2,2,0.999,0.2,208,nsmallest,0.97035,0.99866,0.19
2000-08-07/2022-12-31,1,2,2,0.999,0.2,208,nsmallest,0.97035,0.99866,0.19
2000-08-08/2022-12-31,1,2,2,0.999,0.2,208,nsmallest,0.96944,0.99862,0.19
2000-08-03/2022-12-31,1,2,2,0.999,0.2,208,nsmallest,0.96647,0.99848,0.18
2000-08-01/2022-12-31,1,3,2,0.997,0.2,208,nsmallest,0.96601,0.99846,0.78
2000-08-07/2022-12-31,1,4,2,0.997,0.2,208,nsmallest,0.8723,0.99392,0.76
2000-08-06/2022-12-31,1,4,2,0.997,0.2,208,nsmallest,0.8723,0.99392,0.76
2000-08-01/2022-12-31,1,4,2,0.997,0.2,208,nsmallest,0.86621,0.99361,0.74
2000-08-08/2022-12-31,1,4,2,0.997,0.2,208,nsmallest,0.85344,0.99295,0.7
2000-08-03/2022-12-31,1,10,1,0.999,0.2,208,nsmallest,0.8237,0.99138,0.0
2000-08-07/2022-12-31,1,10,1,0.999,0.2,208,nsmallest,0.81731,0.99103,0.37
2000-08-06/2022-12-31,1,10,1,0.999,0.2,208,nsmallest,0.81731,0.99103,0.37
2000-08-08/2022-12-31,1,10,1,0.999,0.2,208,nsmallest,0.75117,0.98731,0.17
2000-08-04/2022-12-31,1,6,1,0.999,0.2,208,nsmallest,0.73809,0.98654,0.05
2000-08-06/2022-12-31,1,10,1,0.998,0.2,208,nsmallest,0.73069,0.98609,0.22
2000-08-07/2022-12-31,1,10,1,0.998,0.2,208,nsmallest,0.73069,0.98609,0.22
2000-08-09/2022-12-31,1,10,1,0.999,0.2,208,nsmallest,0.71089,0.98488,0.0
2000-08-02/2022-12-31,1,10,1,0.999,0.2,208,nsmallest,0.69189,0.9837,0.03
2000-08-09/2022-12-31,1,4,2,0.997,0.2,208,nsmallest,0.67997,0.98292,0.53
2000-08-09/2022-12-31,1,10,1,0.998,0.2,208,nsmallest,0.67614,0.98268,0.09
2000-08-02/2022-12-31,1,4,2,0.997,0.2,208,nsmallest,0.67523,0.98263,0.52
2000-08-03/2022-12-31,1,6,1,0.998,0.2,208,nsmallest,0.67394,0.98254,0.0
2000-08-08/2022-12-31,1,10,1,0.998,0.2,208,nsmallest,0.67089,0.98234,0.06
2000-08-03/2022-12-31,1,6,1,0.999,0.2,208,nsmallest,0.64696,0.98075,0.0
2000-08-01/2022-12-31,1,7,1,0.999,0.2,208,nsmallest,0.62709,0.9794,0.0
2000-08-05/2022-12-31,7,1,2,0.998,0.2,208,nsmallest,0.62532,0.97926,0.35
2000-08-05/2022-12-31,7,1,2,0.997,0.2,208,nsmallest,0.62532,0.97926,0.35
2000-08-05/2022-12-31,7,1,2,0.999,0.2,208,nsmallest,0.62532,0.97926,0.35
2000-08-01/2022-12-31,1,6,1,0.999,0.2,208,nsmallest,0.60896,0.97811,0.03
2000-08-01/2022-12-31,1,10,1,0.999,0.2,208,nsmallest,0.60291,0.97768,0.0
2000-08-09/2022-12-31,1,10,1,0.997,0.2,208,nsmallest,0.58652,0.97645,0.17
2000-08-07/2022-12-31,1,10,1,0.997,0.2,208,nsmallest,0.58074,0.97603,0.11
2000-08-06/2022-12-31,1,10,1,0.997,0.2,208,nsmallest,0.58074,0.97603,0.11
2000-08-02/2022-12-31,1,10,1,0.998,0.2,208,nsmallest,0.56947,0.97519,0.0
2000-08-03/2022-12-31,1,10,1,0.998,0.2,208,nsmallest,0.56746,0.97503,0.0
2000-08-01/2022-12-31,1,6,1,0.998,0.2,208,nsmallest,0.56525,0.97487,0.02
2000-08-04/2022-12-31,1,6,1,0.998,0.2,208,nsmallest,0.56094,0.97453,0.01
2000-08-03/2022-12-31,1,3,2,0.998,0.2,208,nsmallest,0.55949,0.97442,0.79
2000-08-01/2022-12-31,1,7,1,0.998,0.2,208,nsmallest,0.55854,0.97435,0.0
2000-08-09/2022-12-31,1,3,2,0.998,0.2,208,nsmallest,0.55633,0.97415,0.78
2000-08-02/2022-12-31,1,10,1,0.997,0.2,208,nsmallest,0.54916,0.97361,0.0
2000-08-03/2022-12-31,1,10,1,0.997,0.2,208,nsmallest,0.53769,0.97269,0.0
2000-08-05/2022-12-31,1,7,1,0.999,0.2,208,nsmallest,0.53268,0.97228,0.0
2000-08-08/2022-12-31,1,10,1,0.997,0.2,208,nsmallest,0.53268,0.97227,0.03
2000-08-05/2022-12-31,1,5,1,0.999,0.2,208,nsmallest,0.5119,0.97055,0.04
2000-08-04/2022-12-31,1,2,2,0.999,0.2,208,nsmallest,0.48581,0.96829,0.35
2000-08-09/2022-12-31,1,2,2,0.999,0.2,208,nsmallest,0.48307,0.96803,0.35
2000-08-01/2022-12-31,1,2,2,0.999,0.2,208,nsmallest,0.47826,0.96763,0.34
2000-08-04/2022-12-31,1,10,1,0.999,0.2,208,nsmallest,0.47575,0.96739,0.17
2000-08-02/2022-12-31,1,5,1,0.999,0.2,208,nsmallest,0.46735,0.96663,0.01
2000-08-03/2022-12-31,1,4,1,0.999,0.2,208,nsmallest,0.46582,0.96648,0.01
2000-08-05/2022-12-31,1,10,1,0.999,0.2,208,nsmallest,0.46374,0.96628,0.05
2000-08-01/2022-12-31,1,10,1,0.998,0.2,208,nsmallest,0.45218,0.96521,0.0
2000-08-04/2022-12-31,1,10,1,0.998,0.2,208,nsmallest,0.45172,0.96515,0.1
2000-08-06/2022-12-31,6,1,1,0.998,0.2,208,nsmallest,0.44509,0.96451,0.09
2000-08-06/2022-12-31,6,1,1,0.997,0.2,208,nsmallest,0.44509,0.96451,0.09
2000-08-06/2022-12-31,6,1,1,0.999,0.2,208,nsmallest,0.44509,0.96451,0.09
2000-08-07/2022-12-31,6,1,1,0.997,0.2,208,nsmallest,0.44509,0.9645,0.09
2000-08-07/2022-12-31,6,1,1,0.999,0.2,208,nsmallest,0.44509,0.9645,0.09
2000-08-07/2022-12-31,6,1,1,0.998,0.2,208,nsmallest,0.44509,0.9645,0.09
2000-08-06/2022-12-31,1,2,2,0.998,0.2,208,nsmallest,0.44457,0.96446,0.03
2000-08-08/2022-12-31,6,1,1,0.997,0.2,208,nsmallest,0.44457,0.96445,0.09
2000-08-07/2022-12-31,1,2,2,0.998,0.2,208,nsmallest,0.44457,0.96445,0.03
2000-08-08/2022-12-31,6,1,1,0.999,0.2,208,nsmallest,0.44457,0.96445,0.09
2000-08-08/2022-12-31,6,1,1,0.998,0.2,208,nsmallest,0.44457,0.96445,0.09
2000-08-05/2022-12-31,1,7,1,0.997,0.2,208,nsmallest,0.44376,0.96438,0.02
2000-08-08/2022-12-31,1,2,2,0.998,0.2,208,nsmallest,0.44371,0.96437,0.03
2000-08-03/2022-12-31,1,2,2,0.998,0.2,208,nsmallest,0.4428,0.9643,0.03
2000-08-04/2022-12-31,1,6,1,0.997,0.2,208,nsmallest,0.43322,0.96335,0.03
2000-08-01/2022-12-31,1,6,1,0.997,0.2,208,nsmallest,0.43008,0.96306,0.02
2000-08-03/2022-12-31,1,6,1,0.997,0.2,208,nsmallest,0.4271,0.96275,0.0
2000-08-09/2022-12-31,1,7,1,0.999,0.2,208,nsmallest,0.42101,0.9621,0.18
2000-08-04/2022-12-31,1,7,1,0.999,0.2,208,nsmallest,0.41821,0.96184,0.0
2000-08-05/2022-12-31,1,7,1,0.998,0.2,208,nsmallest,0.41744,0.96176,0.03
2000-08-09/2022-12-31,1,6,1,0.999,0.2,208,nsmallest,0.40051,0.95996,0.16
2000-08-05/2022-12-31,1,10,1,0.998,0.2,208,nsmallest,0.40007,0.95993,0.0
2000-08-04/2022-12-31,1,10,1,0.997,0.2,208,nsmallest,0.39866,0.95979,0.05
2000-08-01/2022-12-31,5,1,2,0.997,0.2,208,nsmallest,0.38218,0.958,0.08
2000-08-01/2022-12-31,5,1,2,0.999,0.2,208,nsmallest,0.38218,0.958,0.08
2000-08-01/2022-12-31,5,1,2,0.998,0.2,208,nsmallest,0.38218,0.958,0.08
2000-08-03/2022-12-31,1,5,1,0.999,0.2,208,nsmallest,0.38212,0.95798,0.02
2000-08-09/2022-12-31,5,1,2,0.997,0.2,208,nsmallest,0.37864,0.95756,0.07
2000-08-09/2022-12-31,5,1,2,0.999,0.2,208,nsmallest,0.37864,0.95756,0.07
2000-08-09/2022-12-31,5,1,2,0.998,0.2,208,nsmallest,0.37864,0.95756,0.07
2000-08-03/2022-12-31,5,1,1,0.997,0.2,208,nsmallest,0.37323,0.95697,0.55
2000-08-03/2022-12-31,5,1,1,0.998,0.2,208,nsmallest,0.37323,0.95697,0.55
2000-08-03/2022-12-31,5,1,1,0.999,0.2,208,nsmallest,0.37323,0.95697,0.55
2000-08-01/2022-12-31,1,10,1,0.997,0.2,208,nsmallest,0.3654,0.95608,0.0
2000-08-05/2022-12-31,1,5,1,0.998,0.2,208,nsmallest,0.33719,0.95264,0.01
2000-08-03/2022-12-31,1,5,1,0.998,0.2,208,nsmallest,0.33233,0.95203,0.04
2000-08-03/2022-12-31,1,4,1,0.998,0.2,208,nsmallest,0.33152,0.95193,0.0
2000-08-01/2022-12-31,1,7,1,0.997,0.2,208,nsmallest,0.32971,0.9517,0.0
2000-08-02/2022-12-31,1,5,1,0.998,0.2,208,nsmallest,0.32798,0.95148,0.0
2000-08-05/2022-12-31,1,10,1,0.997,0.2,208,nsmallest,0.32755,0.9514,0.04
2000-08-04/2022-12-31,1,7,1,0.998,0.2,208,nsmallest,0.32751,0.9514,0.0
2000-08-05/2022-12-31,1,6,1,0.999,0.2,208,nsmallest,0.32155,0.95062,0.01
2000-08-02/2022-12-31,7,1,1,0.999,0.2,208,nsmallest,0.312,0.94936,0.43
2000-08-02/2022-12-31,7,1,1,0.997,0.2,208,nsmallest,0.312,0.94936,0.43
2000-08-02/2022-12-31,7,1,1,0.998,0.2,208,nsmallest,0.312,0.94936,0.43
2000-08-04/2022-12-31,1,5,1,0.999,0.2,208,nsmallest,0.31168,0.9493,0.01
2000-08-05/2022-12-31,4,1,1,0.997,0.2,208,nsmallest,0.31064,0.94915,0.53
2000-08-05/2022-12-31,4,1,1,0.999,0.2,208,nsmallest,0.31064,0.94915,0.53
2000-08-05/2022-12-31,4,1,1,0.998,0.2,208,nsmallest,0.31064,0.94915,0.53
2000-08-04/2022-12-31,1,7,1,0.997,0.2,208,nsmallest,0.31019,0.9491,0.0
2000-08-04/2022-12-31,1,5,1,0.998,0.2,208,nsmallest,0.30148,0.94789,0.0
2000-08-06/2022-12-31,1,6,1,0.999,0.2,208,nsmallest,0.29688,0.94723,0.06
2000-08-07/2022-12-31,1,6,1,0.999,0.2,208,nsmallest,0.29688,0.94722,0.06
2000-08-03/2022-12-31,1,3,2,0.997,0.2,208,nsmallest,0.29502,0.94698,0.46
2000-08-09/2022-12-31,1,3,2,0.997,0.2,208,nsmallest,0.29336,0.94671,0.46
2000-08-05/2022-12-31,1,4,1,0.999,0.2,208,nsmallest,0.29119,0.94642,0.02
2000-08-03/2022-12-31,1,7,1,0.999,0.2,208,nsmallest,0.28803,0.94597,0.0
2000-08-08/2022-12-31,1,6,1,0.999,0.2,208,nsmallest,0.28033,0.9448,0.02
2000-08-09/2022-12-31,1,7,1,0.998,0.2,208,nsmallest,0.27651,0.94421,0.1
2000-08-09/2022-12-31,6,1,1,0.999,0.2,208,nsmallest,0.26051,0.9417,0.24
2000-08-09/2022-12-31,6,1,1,0.998,0.2,208,nsmallest,0.26051,0.9417,0.24
2000-08-05/2022-12-31,1,6,1,0.998,0.2,208,nsmallest,0.26031,0.9417,0.03
2000-08-09/2022-12-31,6,1,1,0.997,0.2,208,nsmallest,0.26051,0.9417,0.24
2000-08-06/2022-12-31,1,5,1,0.999,0.2,208,nsmallest,0.2566,0.94109,0.03
2000-08-07/2022-12-31,1,5,1,0.999,0.2,208,nsmallest,0.2566,0.94108,0.03
2000-08-08/2022-12-31,1,5,1,0.999,0.2,208,nsmallest,0.25532,0.94086,0.02
2000-08-05/2022-12-31,1,5,1,0.997,0.2,208,nsmallest,0.25372,0.94062,0.02
2000-08-02/2022-12-31,1,6,1,0.999,0.2,208,nsmallest,0.25139,0.94025,0.0
2000-08-03/2022-12-31,5,1,2,0.997,0.2,208,nsmallest,0.25016,0.94004,0.25
2000-08-03/2022-12-31,5,1,2,0.999,0.2,208,nsmallest,0.25016,0.94004,0.25
2000-08-03/2022-12-31,5,1,2,0.998,0.2,208,nsmallest,0.25016,0.94004,0.25
2000-08-04/2022-12-31,1,4,1,0.999,0.2,208,nsmallest,0.24787,0.93965,0.14
2000-08-08/2022-12-31,5,1,1,0.997,0.2,208,nsmallest,0.23904,0.9381,0.69
2000-08-08/2022-12-31,5,1,1,0.998,0.2,208,nsmallest,0.23904,0.9381,0.69
2000-08-08/2022-12-31,5,1,1,0.999,0.2,208,nsmallest,0.23904,0.9381,0.69
2000-08-06/2022-12-31,5,1,1,0.999,0.2,208,nsmallest,0.23702,0.93776,0.69
2000-08-06/2022-12-31,5,1,1,0.998,0.2,208,nsmallest,0.23702,0.93776,0.69
2000-08-06/2022-12-31,5,1,1,0.997,0.2,208,nsmallest,0.23702,0.93776,0.69
2000-08-07/2022-12-31,5,1,1,0.999,0.2,208,nsmallest,0.23702,0.93775,0.69
2000-08-07/2022-12-31,5,1,1,0.998,0.2,208,nsmallest,0.23702,0.93775,0.69
2000-08-07/2022-12-31,5,1,1,0.997,0.2,208,nsmallest,0.23702,0.93775,0.69
2000-08-04/2022-12-31,6,1,2,0.998,0.2,208,nsmallest,0.23456,0.93733,0.71
2000-08-04/2022-12-31,6,1,2,0.999,0.2,208,nsmallest,0.23456,0.93733,0.71
2000-08-04/2022-12-31,6,1,2,0.997,0.2,208,nsmallest,0.23456,0.93733,0.71
2000-08-02/2022-12-31,1,5,1,0.997,0.2,208,nsmallest,0.22954,0.93645,0.01
2000-08-09/2022-12-31,1,7,1,0.997,0.2,208,nsmallest,0.22916,0.93632,0.11
2000-08-04/2022-12-31,1,2,2,0.998,0.2,208,nsmallest,0.22208,0.93505,0.23
2000-08-03/2022-12-31,1,7,1,0.998,0.2,208,nsmallest,0.22196,0.93504,0.0
2000-08-07/2022-12-31,1,6,1,0.998,0.2,208,nsmallest,0.22144,0.93491,0.04
2000-08-06/2022-12-31,1,6,1,0.998,0.2,208,nsmallest,0.22144,0.93491,0.04
2000-08-09/2022-12-31,1,2,2,0.998,0.2,208,nsmallest,0.22082,0.93478,0.22
2000-08-02/2022-12-31,4,1,2,0.999,0.2,208,nsmallest,0.21928,0.93454,0.11
2000-08-02/2022-12-31,4,1,2,0.997,0.2,208,nsmallest,0.21928,0.93454,0.11
2000-08-02/2022-12-31,4,1,2,0.998,0.2,208,nsmallest,0.21928,0.93454,0.11
2000-08-09/2022-12-31,1,6,1,0.998,0.2,208,nsmallest,0.21928,0.93448,0.08
2000-08-01/2022-12-31,1,2,2,0.998,0.2,208,nsmallest,0.21819,0.93434,0.21
2000-08-03/2022-12-31,1,5,1,0.997,0.2,208,nsmallest,0.216,0.9339,0.03
2000-08-09/2022-12-31,1,6,1,0.997,0.2,208,nsmallest,0.21533,0.93372,0.06
2000-08-04/2022-12-31,1,5,1,0.997,0.2,208,nsmallest,0.21509,0.93372,0.0
2000-08-01/2022-12-31,7,1,1,0.997,0.2,208,nsmallest,0.21472,0.93367,0.15
2000-08-01/2022-12-31,7,1,1,0.999,0.2,208,nsmallest,0.21472,0.93367,0.15
2000-08-01/2022-12-31,7,1,1,0.998,0.2,208,nsmallest,0.21472,0.93367,0.15
2000-08-09/2022-12-31,6,1,2,0.998,0.2,208,nsmallest,0.21487,0.93363,0.02
2000-08-09/2022-12-31,6,1,2,0.997,0.2,208,nsmallest,0.21487,0.93363,0.02
2000-08-09/2022-12-31,6,1,2,0.999,0.2,208,nsmallest,0.21487,0.93363,0.02
2000-08-09/2022-12-31,4,1,2,0.999,0.2,208,nsmallest,0.21225,0.93312,0.1
2000-08-09/2022-12-31,4,1,2,0.998,0.2,208,nsmallest,0.21225,0.93312,0.1
2000-08-09/2022-12-31,4,1,2,0.997,0.2,208,nsmallest,0.21225,0.93312,0.1
2000-08-08/2022-12-31,1,6,1,0.998,0.2,208,nsmallest,0.20889,0.93247,0.01
2000-08-03/2022-12-31,1,4,1,0.997,0.2,208,nsmallest,0.20275,0.93127,0.0
2000-08-06/2022-12-31,1,5,1,0.998,0.2,208,nsmallest,0.20164,0.93101,0.01
2000-08-07/2022-12-31,1,5,1,0.998,0.2,208,nsmallest,0.20164,0.931,0.01
2000-08-08/2022-12-31,1,5,1,0.998,0.2,208,nsmallest,0.20043,0.93075,0.01
2000-08-06/2022-12-31,1,2,2,0.997,0.2,208,nsmallest,0.19772,0.9302,0.03
2000-08-07/2022-12-31,1,2,2,0.997,0.2,208,nsmallest,0.19772,0.93019,0.03
2000-08-01/2022-12-31,7,1,2,0.999,0.2,208,nsmallest,0.19724,0.93014,0.04
2000-08-01/2022-12-31,7,1,2,0.998,0.2,208,nsmallest,0.19724,0.93014,0.04
2000-08-01/2022-12-31,7,1,2,0.997,0.2,208,nsmallest,0.19724,0.93014,0.04
2000-08-08/2022-12-31,1,2,2,0.997,0.2,208,nsmallest,0.19714,0.93006,0.03
2000-08-03/2022-12-31,1,2,2,0.997,0.2,208,nsmallest,0.19693,0.93006,0.03
2000-08-05/2022-12-31,6,1,2,0.999,0.2,208,nsmallest,0.18975,0.9285,0.44
2000-08-05/2022-12-31,6,1,2,0.997,0.2,208,nsmallest,0.18975,0.9285,0.44
2000-08-05/2022-12-31,6,1,2,0.998,0.2,208,nsmallest,0.18975,0.9285,0.44
2000-08-06/2022-12-31,6,1,2,0.998,0.2,208,nsmallest,0.18646,0.92777,0.01
2000-08-06/2022-12-31,6,1,2,0.999,0.2,208,nsmallest,0.18646,0.92777,0.01
2000-08-06/2022-12-31,6,1,2,0.997,0.2,208,nsmallest,0.18646,0.92777,0.01
2000-08-07/2022-12-31,6,1,2,0.997,0.2,208,nsmallest,0.18646,0.92776,0.01
2000-08-07/2022-12-31,6,1,2,0.999,0.2,208,nsmallest,0.18646,0.92776,0.01
2000-08-07/2022-12-31,6,1,2,0.998,0.2,208,nsmallest,0.18646,0.92776,0.01
2000-08-06/2022-12-31,1,4,1,0.999,0.2,208,nsmallest,0.18621,0.92771,0.01
2000-08-08/2022-12-31,6,1,2,0.997,0.2,208,nsmallest,0.18624,0.9277,0.01
2000-08-08/2022-12-31,6,1,2,0.998,0.2,208,nsmallest,0.18624,0.9277,0.01
2000-08-08/2022-12-31,6,1,2,0.999,0.2,208,nsmallest,0.18624,0.9277,0.01
2000-08-07/2022-12-31,1,4,1,0.999,0.2,208,nsmallest,0.18621,0.9277,0.01
2000-08-01/2022-12-31,1,4,1,0.999,0.2,208,nsmallest,0.18529,0.92755,0.01
2000-08-02/2022-12-31,1,7,1,0.999,0.2,208,nsmallest,0.18479,0.92743,0.0
2000-08-01/2022-12-31,6,1,1,0.998,0.2,208,nsmallest,0.18422,0.92731,0.04
2000-08-01/2022-12-31,6,1,1,0.997,0.2,208,nsmallest,0.18422,0.92731,0.04
2000-08-01/2022-12-31,6,1,1,0.999,0.2,208,nsmallest,0.18422,0.92731,0.04
2000-08-05/2022-12-31,1,2,1,0.999,0.2,208,nsmallest,0.18407,0.92724,0.0
2000-08-04/2022-12-31,1,4,1,0.998,0.2,208,nsmallest,0.18377,0.92718,0.06
2000-08-02/2022-12-31,1,2,1,0.999,0.2,208,nsmallest,0.18121,0.92662,0.0
2000-08-07/2022-12-31,4,1,1,0.997,0.2,208,nsmallest,0.17955,0.92619,0.8
2000-08-07/2022-12-31,4,1,1,0.998,0.2,208,nsmallest,0.17955,0.92619,0.8
2000-08-07/2022-12-31,4,1,1,0.999,0.2,208,nsmallest,0.17955,0.92619,0.8
2000-08-06/2022-12-31,1,6,1,0.997,0.2,208,nsmallest,0.17884,0.92604,0.03
2000-08-07/2022-12-31,1,6,1,0.997,0.2,208,nsmallest,0.17884,0.92603,0.03
2000-08-05/2022-12-31,1,6,1,0.997,0.2,208,nsmallest,0.17876,0.92603,0.02
2000-08-08/2022-12-31,1,4,1,0.999,0.2,208,nsmallest,0.17869,0.92599,0.0
2000-08-06/2022-12-31,4,1,1,0.998,0.2,208,nsmallest,0.17722,0.92566,0.8
2000-08-06/2022-12-31,4,1,1,0.997,0.2,208,nsmallest,0.17722,0.92566,0.8
2000-08-06/2022-12-31,4,1,1,0.999,0.2,208,nsmallest,0.17722,0.92566,0.8
2000-08-01/2022-12-31,4,1,1,0.999,0.2,208,nsmallest,0.17651,0.92554,0.8
2000-08-01/2022-12-31,4,1,1,0.998,0.2,208,nsmallest,0.17651,0.92554,0.8
2000-08-01/2022-12-31,4,1,1,0.997,0.2,208,nsmallest,0.17651,0.92554,0.8
2000-08-05/2022-12-31,1,4,1,0.998,0.2,208,nsmallest,0.1763,0.92546,0.02
2000-08-08/2022-12-31,4,1,1,0.999,0.2,208,nsmallest,0.17266,0.92457,0.79
2000-08-08/2022-12-31,4,1,1,0.998,0.2,208,nsmallest,0.17266,0.92457,0.79
2000-08-08/2022-12-31,4,1,1,0.997,0.2,208,nsmallest,0.17266,0.92457,0.79
2000-08-04/2022-12-31,6,1,1,0.999,0.2,208,nsmallest,0.1696,0.92387,0.79
2000-08-04/2022-12-31,6,1,1,0.997,0.2,208,nsmallest,0.1696,0.92387,0.79
2000-08-04/2022-12-31,6,1,1,0.998,0.2,208,nsmallest,0.1696,0.92387,0.79
2000-08-08/2022-12-31,1,6,1,0.997,0.2,208,nsmallest,0.16854,0.92357,0.0
2000-08-09/2022-12-31,1,4,1,0.999,0.2,208,nsmallest,0.16379,0.92239,0.02
2000-08-02/2022-12-31,1,4,1,0.999,0.2,208,nsmallest,0.16297,0.92224,0.01
2000-08-04/2022-12-31,1,3,1,0.999,0.2,208,nsmallest,0.16088,0.92169,0.0
2000-08-09/2022-12-31,1,5,1,0.999,0.2,208,nsmallest,0.16022,0.92148,0.04
2000-08-01/2022-12-31,1,5,1,0.999,0.2,208,nsmallest,0.15942,0.92135,0.04
2000-08-03/2022-12-31,1,7,1,0.997,0.2,208,nsmallest,0.15942,0.92133,0.0
2000-08-02/2022-12-31,1,6,1,0.998,0.2,208,nsmallest,0.15927,0.9213,0.0
2000-08-05/2022-12-31,1,3,1,0.999,0.2,208,nsmallest,0.15853,0.92108,0.0
2000-08-01/2022-12-31,1,3,1,0.999,0.2,208,nsmallest,0.15606,0.92047,0.0
2000-08-06/2022-12-31,1,5,1,0.997,0.2,208,nsmallest,0.15494,0.92013,0.01
2000-08-07/2022-12-31,1,5,1,0.997,0.2,208,nsmallest,0.15494,0.92012,0.01
2000-08-08/2022-12-31,1,5,1,0.997,0.2,208,nsmallest,0.15386,0.91982,0.01
2000-08-02/2022-12-31,5,1,2,0.999,0.2,208,nsmallest,0.14587,0.91769,0.31
2000-08-02/2022-12-31,5,1,2,0.997,0.2,208,nsmallest,0.14587,0.91769,0.31
2000-08-02/2022-12-31,5,1,2,0.998,0.2,208,nsmallest,0.14587,0.91769,0.31
2000-08-06/2022-12-31,1,3,1,0.999,0.2,208,nsmallest,0.1411,0.91629,0.02
2000-08-07/2022-12-31,1,3,1,0.999,0.2,208,nsmallest,0.1411,0.91628,0.02
2000-08-02/2022-12-31,1,3,1,0.999,0.2,208,nsmallest,0.14039,0.91613,0.02
2000-08-08/2022-12-31,1,3,1,0.999,0.2,208,nsmallest,0.13603,0.91478,0.01
2000-08-09/2022-12-31,1,4,1,0.998,0.2,208,nsmallest,0.13385,0.91411,0.05
2000-08-02/2022-12-31,1,4,1,0.998,0.2,208,nsmallest,0.13305,0.91393,0.05
2000-08-02/2022-12-31,1,7,1,0.998,0.2,208,nsmallest,0.1321,0.91364,0.0
2000-08-02/2022-12-31,4,1,1,0.997,0.2,208,nsmallest,0.1305,0.91314,0.45
2000-08-02/2022-12-31,4,1,1,0.999,0.2,208,nsmallest,0.1305,0.91314,0.45
2000-08-02/2022-12-31,4,1,1,0.998,0.2,208,nsmallest,0.1305,0.91314,0.45
2000-08-04/2022-12-31,1,4,1,0.997,0.2,208,nsmallest,0.12901,0.91266,0.02
2000-08-08/2022-12-31,5,1,2,0.997,0.2,208,nsmallest,0.12835,0.91241,0.64
2000-08-08/2022-12-31,5,1,2,0.998,0.2,208,nsmallest,0.12835,0.91241,0.64
2000-08-08/2022-12-31,5,1,2,0.999,0.2,208,nsmallest,0.12835,0.91241,0.64
2000-08-02/2022-12-31,1,6,1,0.997,0.2,208,nsmallest,0.1277,0.91226,0.0
2000-08-06/2022-12-31,5,1,2,0.999,0.2,208,nsmallest,0.12723,0.91207,0.64
2000-08-06/2022-12-31,5,1,2,0.997,0.2,208,nsmallest,0.12723,0.91207,0.64
2000-08-06/2022-12-31,5,1,2,0.998,0.2,208,nsmallest,0.12723,0.91207,0.64
2000-08-07/2022-12-31,5,1,2,0.999,0.2,208,nsmallest,0.12723,0.91206,0.64
2000-08-07/2022-12-31,5,1,2,0.997,0.2,208,nsmallest,0.12723,0.91206,0.64
2000-08-07/2022-12-31,5,1,2,0.998,0.2,208,nsmallest,0.12723,0.91206,0.64
2000-08-09/2022-12-31,4,1,1,0.999,0.2,208,nsmallest,0.122,0.91033,0.41
2000-08-09/2022-12-31,4,1,1,0.998,0.2,208,nsmallest,0.122,0.91033,0.41
2000-08-09/2022-12-31,4,1,1,0.997,0.2,208,nsmallest,0.122,0.91033,0.41
2000-08-05/2022-12-31,1,4,1,0.997,0.2,208,nsmallest,0.1195,0.90953,0.01
2000-08-01/2022-12-31,6,1,2,0.997,0.2,208,nsmallest,0.11818,0.90913,0.05
2000-08-01/2022-12-31,6,1,2,0.998,0.2,208,nsmallest,0.11818,0.90913,0.05
2000-08-01/2022-12-31,6,1,2,0.999,0.2,208,nsmallest,0.11818,0.90913,0.05
2000-08-04/2022-12-31,1,2,2,0.997,0.2,208,nsmallest,0.11678,0.90861,0.17
2000-08-06/2022-12-31,1,3,1,0.998,0.2,208,nsmallest,0.11631,0.90842,0.02
2000-08-07/2022-12-31,1,3,1,0.998,0.2,208,nsmallest,0.11631,0.90841,0.02
2000-08-09/2022-12-31,1,2,2,0.997,0.2,208,nsmallest,0.11635,0.90841,0.17
2000-08-02/2022-12-31,1,3,1,0.998,0.2,208,nsmallest,0.11561,0.90822,0.02
2000-08-06/2022-12-31,1,4,1,0.998,0.2,208,nsmallest,0.11516,0.90802,0.01
2000-08-07/2022-12-31,1,4,1,0.998,0.2,208,nsmallest,0.11516,0.90801,0.01
2000-08-01/2022-12-31,1,2,2,0.997,0.2,208,nsmallest,0.11451,0.90784,0.16
2000-08-01/2022-12-31,1,4,1,0.998,0.2,208,nsmallest,0.11447,0.90783,0.01
2000-08-09/2022-12-31,1,4,1,0.997,0.2,208,nsmallest,0.11456,0.90778,0.02
2000-08-02/2022-12-31,1,4,1,0.997,0.2,208,nsmallest,0.11376,0.90757,0.02
2000-08-08/2022-12-31,1,3,1,0.998,0.2,208,nsmallest,0.11202,0.90688,0.01
2000-08-08/2022-12-31,1,4,1,0.998,0.2,208,nsmallest,0.11039,0.90629,0.0
2000-08-04/2022-12-31,1,3,1,0.998,0.2,208,nsmallest,0.10797,0.90543,0.0
2000-08-06/2022-12-31,3,1,2,0.998,0.2,208,nsmallest,0.09929,0.90203,0.29
2000-08-06/2022-12-31,3,1,2,0.999,0.2,208,nsmallest,0.09929,0.90203,0.29
2000-08-06/2022-12-31,3,1,2,0.997,0.2,208,nsmallest,0.09929,0.90203,0.29
2000-08-07/2022-12-31,3,1,2,0.999,0.2,208,nsmallest,0.09929,0.90202,0.29
2000-08-07/2022-12-31,3,1,2,0.998,0.2,208,nsmallest,0.09929,0.90202,0.29
2000-08-07/2022-12-31,3,1,2,0.997,0.2,208,nsmallest,0.09929,0.90202,0.29
2000-08-02/2022-12-31,3,1,2,0.997,0.2,208,nsmallest,0.09889,0.90191,0.29
2000-08-02/2022-12-31,3,1,2,0.999,0.2,208,nsmallest,0.09889,0.90191,0.29
2000-08-05/2022-12-31,4,1,2,0.999,0.2,208,nsmallest,0.09896,0.90191,0.3
2000-08-05/2022-12-31,4,1,2,0.998,0.2,208,nsmallest,0.09896,0.90191,0.3
2000-08-05/2022-12-31,4,1,2,0.997,0.2,208,nsmallest,0.09896,0.90191,0.3
2000-08-02/2022-12-31,3,1,2,0.998,0.2,208,nsmallest,0.09889,0.90191,0.29
2000-08-08/2022-12-31,3,1,2,0.998,0.2,208,nsmallest,0.09861,0.90173,0.29
2000-08-08/2022-12-31,3,1,2,0.999,0.2,208,nsmallest,0.09861,0.90173,0.29
2000-08-08/2022-12-31,3,1,2,0.997,0.2,208,nsmallest,0.09861,0.90173,0.29
2000-08-03/2022-12-31,1,3,1,0.999,0.2,208,nsmallest,0.09586,0.90065,0.03
2000-08-09/2022-12-31,1,3,1,0.999,0.2,208,nsmallest,0.09532,0.90035,0.03
2000-08-08/2022-12-31,7,1,2,0.998,0.2,208,nsmallest,0.09338,0.89954,0.19
2000-08-08/2022-12-31,7,1,2,0.997,0.2,208,nsmallest,0.09338,0.89954,0.19
2000-08-08/2022-12-31,7,1,2,0.999,0.2,208,nsmallest,0.09338,0.89954,0.19
2000-08-06/2022-12-31,7,1,2,0.999,0.2,208,nsmallest,0.093,0.8994,0.18
2000-08-06/2022-12-31,7,1,2,0.998,0.2,208,nsmallest,0.093,0.8994,0.18
2000-08-06/2022-12-31,7,1,2,0.997,0.2,208,nsmallest,0.093,0.8994,0.18
2000-08-07/2022-12-31,7,1,2,0.997,0.2,208,nsmallest,0.093,0.89939,0.18
2000-08-07/2022-12-31,7,1,2,0.999,0.2,208,nsmallest,0.093,0.89939,0.18
2000-08-07/2022-12-31,7,1,2,0.998,0.2,208,nsmallest,0.093,0.89939,0.18
2000-08-02/2022-12-31,7,1,2,0.998,0.2,208,nsmallest,0.09001,0.89813,0.32
2000-08-02/2022-12-31,7,1,2,0.997,0.2,208,nsmallest,0.09001,0.89813,0.32
2000-08-02/2022-12-31,7,1,2,0.999,0.2,208,nsmallest,0.09001,0.89813,0.32
2000-08-05/2022-12-31,6,1,1,0.998,0.2,208,nsmallest,0.08939,0.89782,0.39
2000-08-05/2022-12-31,6,1,1,0.999,0.2,208,nsmallest,0.08939,0.89782,0.39
2000-08-05/2022-12-31,6,1,1,0.997,0.2,208,nsmallest,0.08939,0.89782,0.39
2000-08-03/2022-12-31,7,1,2,0.997,0.2,208,nsmallest,0.08647,0.89652,0.1
2000-08-03/2022-12-31,7,1,2,0.998,0.2,208,nsmallest,0.08647,0.89652,0.1
2000-08-03/2022-12-31,7,1,2,0.999,0.2,208,nsmallest,0.08647,0.89652,0.1
2000-08-02/2022-12-31,6,1,2,0.999,0.2,208,nsmallest,0.08632,0.89646,0.01
2000-08-02/2022-12-31,6,1,2,0.998,0.2,208,nsmallest,0.08632,0.89646,0.01
2000-08-02/2022-12-31,6,1,2,0.997,0.2,208,nsmallest,0.08632,0.89646,0.01
2000-08-01/2022-12-31,3,1,2,0.997,0.2,208,nsmallest,0.08489,0.8958,0.07
2000-08-01/2022-12-31,3,1,2,0.998,0.2,208,nsmallest,0.08489,0.8958,0.07
2000-08-01/2022-12-31,3,1,2,0.999,0.2,208,nsmallest,0.08489,0.8958,0.07
2000-08-02/2022-12-31,1,7,1,0.997,0.2,208,nsmallest,0.08486,0.89578,0.0
2000-08-05/2022-12-31,3,1,2,0.997,0.2,208,nsmallest,0.08355,0.89512,0.06
2000-08-05/2022-12-31,3,1,2,0.998,0.2,208,nsmallest,0.08355,0.89512,0.06
2000-08-05/2022-12-31,3,1,2,0.999,0.2,208,nsmallest,0.08355,0.89512,0.06
2000-08-09/2022-12-31,1,5,1,0.998,0.2,208,nsmallest,0.08169,0.89417,0.02
2000-08-01/2022-12-31,1,5,1,0.998,0.2,208,nsmallest,0.0812,0.89403,0.01
2000-08-05/2022-12-31,1,3,1,0.998,0.2,208,nsmallest,0.08098,0.89387,0.0
2000-08-09/2022-12-31,7,1,2,0.999,0.2,208,nsmallest,0.0804,0.89354,0.0
2000-08-09/2022-12-31,7,1,2,0.997,0.2,208,nsmallest,0.0804,0.89354,0.0
2000-08-09/2022-12-31,7,1,2,0.998,0.2,208,nsmallest,0.0804,0.89354,0.0
2000-08-01/2022-12-31,1,3,1,0.998,0.2,208,nsmallest,0.07956,0.89322,0.0
2000-08-04/2022-12-31,4,1,2,0.997,0.2,208,nsmallest,0.07756,0.89216,0.04
2000-08-04/2022-12-31,4,1,2,0.998,0.2,208,nsmallest,0.07756,0.89216,0.04
2000-08-04/2022-12-31,4,1,2,0.999,0.2,208,nsmallest,0.07756,0.89216,0.04
2000-08-05/2022-12-31,1,2,1,0.998,0.2,208,nsmallest,0.0762,0.89145,0.0
2000-08-02/2022-12-31,1,2,1,0.998,0.2,208,nsmallest,0.07487,0.89078,0.0
2000-08-06/2022-12-31,1,4,1,0.997,0.2,208,nsmallest,0.07136,0.88883,0.01
2000-08-07/2022-12-31,1,4,1,0.997,0.2,208,nsmallest,0.07136,0.88881,0.01
2000-08-01/2022-12-31,1,4,1,0.997,0.2,208,nsmallest,0.07086,0.88861,0.01
2000-08-04/2022-12-31,1,3,1,0.997,0.2,208,nsmallest,0.06973,0.88794,0.0
2000-08-08/2022-12-31,1,4,1,0.997,0.2,208,nsmallest,0.06834,0.88709,0.0
2000-08-06/2022-12-31,3,1,1,0.997,0.2,208,nsmallest,0.06394,0.88448,0.24
2000-08-06/2022-12-31,3,1,1,0.999,0.2,208,nsmallest,0.06394,0.88448,0.24
2000-08-06/2022-12-31,3,1,1,0.998,0.2,208,nsmallest,0.06394,0.88448,0.24
2000-08-07/2022-12-31,3,1,1,0.998,0.2,208,nsmallest,0.06394,0.88447,0.24
2000-08-07/2022-12-31,3,1,1,0.997,0.2,208,nsmallest,0.06394,0.88447,0.24
2000-08-07/2022-12-31,3,1,1,0.999,0.2,208,nsmallest,0.06394,0.88447,0.24
2000-08-02/2022-12-31,3,1,1,0.998,0.2,208,nsmallest,0.06368,0.88437,0.24
2000-08-02/2022-12-31,3,1,1,0.997,0.2,208,nsmallest,0.06368,0.88437,0.24
2000-08-02/2022-12-31,3,1,1,0.999,0.2,208,nsmallest,0.06368,0.88437,0.24
2000-08-08/2022-12-31,3,1,1,0.999,0.2,208,nsmallest,0.0632,0.884,0.24
2000-08-08/2022-12-31,3,1,1,0.998,0.2,208,nsmallest,0.0632,0.884,0.24
2000-08-08/2022-12-31,3,1,1,0.997,0.2,208,nsmallest,0.0632,0.884,0.24
2000-08-09/2022-12-31,1,5,1,0.997,0.2,208,nsmallest,0.06299,0.88385,0.0
2000-08-01/2022-12-31,1,5,1,0.997,0.2,208,nsmallest,0.06255,0.88368,0.0
2000-08-06/2022-12-31,1,3,1,0.997,0.2,208,nsmallest,0.06241,0.88353,0.02
2000-08-07/2022-12-31,1,3,1,0.997,0.2,208,nsmallest,0.06241,0.88351,0.02
2000-08-02/2022-12-31,1,3,1,0.997,0.2,208,nsmallest,0.06198,0.88331,0.02
2000-08-04/2022-12-31,7,1,2,0.997,0.2,208,nsmallest,0.0617,0.8831,0.14
2000-08-04/2022-12-31,7,1,2,0.998,0.2,208,nsmallest,0.0617,0.8831,0.14
2000-08-04/2022-12-31,7,1,2,0.999,0.2,208,nsmallest,0.0617,0.8831,0.14
2000-08-08/2022-12-31,1,3,1,0.997,0.2,208,nsmallest,0.06005,0.88198,0.01
2000-08-08/2022-12-31,7,1,1,0.999,0.2,208,nsmallest,0.05788,0.88053,0.0
2000-08-08/2022-12-31,7,1,1,0.998,0.2,208,nsmallest,0.05788,0.88053,0.0
2000-08-08/2022-12-31,7,1,1,0.997,0.2,208,nsmallest,0.05788,0.88053,0.0
2000-08-06/2022-12-31,7,1,1,0.997,0.2,208,nsmallest,0.05753,0.88032,0.0
2000-08-06/2022-12-31,7,1,1,0.998,0.2,208,nsmallest,0.05753,0.88032,0.0
2000-08-06/2022-12-31,7,1,1,0.999,0.2,208,nsmallest,0.05753,0.88032,0.0
2000-08-07/2022-12-31,7,1,1,0.999,0.2,208,nsmallest,0.05753,0.88031,0.0
2000-08-07/2022-12-31,7,1,1,0.997,0.2,208,nsmallest,0.05753,0.88031,0.0
2000-08-07/2022-12-31,7,1,1,0.998,0.2,208,nsmallest,0.05753,0.88031,0.0
2000-08-05/2022-12-31,1,3,1,0.997,0.2,208,nsmallest,0.0558,0.87913,0.0
2000-08-04/2022-12-31,7,1,1,0.998,0.2,208,nsmallest,0.05573,0.8791,0.23
2000-08-04/2022-12-31,7,1,1,0.999,0.2,208,nsmallest,0.05573,0.8791,0.23
2000-08-04/2022-12-31,7,1,1,0.997,0.2,208,nsmallest,0.05573,0.8791,0.23
2000-08-01/2022-12-31,1,3,1,0.997,0.2,208,nsmallest,0.05471,0.87842,0.0
2000-08-04/2022-12-31,5,1,2,0.999,0.2,208,nsmallest,0.05379,0.87771,0.0
2000-08-04/2022-12-31,5,1,2,0.997,0.2,208,nsmallest,0.05379,0.87771,0.0
2000-08-04/2022-12-31,5,1,2,0.998,0.2,208,nsmallest,0.05379,0.87771,0.0
2000-08-06/2022-12-31,1,2,1,0.999,0.2,208,nsmallest,0.053,0.8771,0.03
2000-08-07/2022-12-31,1,2,1,0.999,0.2,208,nsmallest,0.053,0.87709,0.03
2000-08-03/2022-12-31,1,2,1,0.999,0.2,208,nsmallest,0.05279,0.87699,0.03
2000-08-08/2022-12-31,1,2,1,0.999,0.2,208,nsmallest,0.05028,0.87501,0.02
2000-08-03/2022-12-31,4,1,1,0.999,0.2,208,nsmallest,0.04872,0.87386,0.28
2000-08-03/2022-12-31,4,1,1,0.998,0.2,208,nsmallest,0.04872,0.87386,0.28
2000-08-03/2022-12-31,4,1,1,0.997,0.2,208,nsmallest,0.04872,0.87386,0.28
2000-08-09/2022-12-31,7,1,1,0.998,0.2,208,nsmallest,0.04864,0.8737,0.03
2000-08-09/2022-12-31,7,1,1,0.999,0.2,208,nsmallest,0.04864,0.8737,0.03
2000-08-09/2022-12-31,7,1,1,0.997,0.2,208,nsmallest,0.04864,0.8737,0.03
2000-08-03/2022-12-31,6,1,2,0.999,0.2,208,nsmallest,0.04715,0.87258,0.04
2000-08-03/2022-12-31,6,1,2,0.997,0.2,208,nsmallest,0.04715,0.87258,0.04
2000-08-03/2022-12-31,6,1,2,0.998,0.2,208,nsmallest,0.04715,0.87258,0.04
2000-08-05/2022-12-31,1,2,1,0.997,0.2,208,nsmallest,0.04623,0.87178,0.0
2000-08-03/2022-12-31,1,3,1,0.998,0.2,208,nsmallest,0.04584,0.87148,0.02
2000-08-09/2022-12-31,1,3,1,0.998,0.2,208,nsmallest,0.04558,0.87117,0.02
2000-08-02/2022-12-31,1,2,1,0.997,0.2,208,nsmallest,0.04533,0.87106,0.0
2000-08-04/2022-12-31,5,1,1,0.998,0.2,208,nsmallest,0.04192,0.868,0.08
2000-08-04/2022-12-31,5,1,1,0.999,0.2,208,nsmallest,0.04192,0.868,0.08
2000-08-04/2022-12-31,5,1,1,0.997,0.2,208,nsmallest,0.04192,0.868,0.08
2000-08-06/2022-12-31,4,1,2,0.997,0.2,208,nsmallest,0.03853,0.8647,0.01
2000-08-06/2022-12-31,4,1,2,0.998,0.2,208,nsmallest,0.03853,0.8647,0.01
2000-08-06/2022-12-31,4,1,2,0.999,0.2,208,nsmallest,0.03853,0.8647,0.01
2000-08-01/2022-12-31,4,1,2,0.997,0.2,208,nsmallest,0.03837,0.86463,0.01
2000-08-01/2022-12-31,4,1,2,0.998,0.2,208,nsmallest,0.03837,0.86463,0.01
2000-08-01/2022-12-31,4,1,2,0.999,0.2,208,nsmallest,0.03837,0.86463,0.01
2000-08-07/2022-12-31,4,1,2,0.999,0.2,208,nsmallest,0.03829,0.86445,0.01
2000-08-07/2022-12-31,4,1,2,0.997,0.2,208,nsmallest,0.03829,0.86445,0.01
2000-08-07/2022-12-31,4,1,2,0.998,0.2,208,nsmallest,0.03829,0.86445,0.01
2000-08-08/2022-12-31,4,1,2,0.997,0.2,208,nsmallest,0.03823,0.86437,0.01
2000-08-08/2022-12-31,4,1,2,0.998,0.2,208,nsmallest,0.03823,0.86437,0.01
2000-08-08/2022-12-31,4,1,2,0.999,0.2,208,nsmallest,0.03823,0.86437,0.01
2000-08-02/2022-12-31,6,1,1,0.999,0.2,208,nsmallest,0.03747,0.86369,0.0
2000-08-02/2022-12-31,6,1,1,0.998,0.2,208,nsmallest,0.03747,0.86369,0.0
2000-08-02/2022-12-31,6,1,1,0.997,0.2,208,nsmallest,0.03747,0.86369,0.0
2000-08-01/2022-12-31,3,1,1,0.998,0.2,208,nsmallest,0.03695,0.86317,0.0
2000-08-01/2022-12-31,3,1,1,0.999,0.2,208,nsmallest,0.03695,0.86317,0.0
2000-08-01/2022-12-31,3,1,1,0.997,0.2,208,nsmallest,0.03695,0.86317,0.0
2000-08-03/2022-12-31,3,1,2,0.998,0.2,208,nsmallest,0.03691,0.8631,0.02
2000-08-03/2022-12-31,3,1,2,0.999,0.2,208,nsmallest,0.03691,0.8631,0.02
2000-08-03/2022-12-31,3,1,2,0.997,0.2,208,nsmallest,0.03691,0.8631,0.02
2000-08-05/2022-12-31,3,1,1,0.998,0.2,208,nsmallest,0.03613,0.86224,0.0
2000-08-05/2022-12-31,3,1,1,0.999,0.2,208,nsmallest,0.03613,0.86224,0.0
2000-08-05/2022-12-31,3,1,1,0.997,0.2,208,nsmallest,0.03613,0.86224,0.0
2000-08-09/2022-12-31,3,1,2,0.997,0.2,208,nsmallest,0.03613,0.86218,0.01
2000-08-09/2022-12-31,3,1,2,0.998,0.2,208,nsmallest,0.03613,0.86218,0.01
2000-08-09/2022-12-31,3,1,2,0.999,0.2,208,nsmallest,0.03613,0.86218,0.01
2000-08-06/2022-12-31,1,2,1,0.998,0.2,208,nsmallest,0.033,0.85875,0.03
2000-08-07/2022-12-31,1,2,1,0.998,0.2,208,nsmallest,0.033,0.85873,0.03
2000-08-03/2022-12-31,1,2,1,0.998,0.2,208,nsmallest,0.03287,0.85864,0.03
2000-08-02/2022-12-31,5,1,1,0.997,0.2,208,nsmallest,0.03261,0.85836,0.0
2000-08-02/2022-12-31,5,1,1,0.998,0.2,208,nsmallest,0.03261,0.85836,0.0
2000-08-02/2022-12-31,5,1,1,0.999,0.2,208,nsmallest,0.03261,0.85836,0.0
2000-08-04/2022-12-31,1,2,1,0.999,0.2,208,nsmallest,0.03124,0.85668,0.0
2000-08-08/2022-12-31,1,2,1,0.998,0.2,208,nsmallest,0.03127,0.85666,0.02
2000-08-09/2022-12-31,1,2,1,0.999,0.2,208,nsmallest,0.03106,0.85638,0.0
2000-08-01/2022-12-31,1,2,1,0.999,0.2,208,nsmallest,0.03075,0.85613,0.0
2000-08-03/2022-12-31,1,3,1,0.997,0.2,208,nsmallest,0.02516,0.84847,0.01
2000-08-09/2022-12-31,1,3,1,0.997,0.2,208,nsmallest,0.02502,0.84815,0.01
2000-08-03/2022-12-31,6,1,1,0.997,0.2,208,nsmallest,0.02309,0.84521,0.07
2000-08-03/2022-12-31,6,1,1,0.998,0.2,208,nsmallest,0.02309,0.84521,0.07
2000-08-03/2022-12-31,6,1,1,0.999,0.2,208,nsmallest,0.02309,0.84521,0.07
2000-08-03/2022-12-31,4,1,2,0.998,0.2,208,nsmallest,0.02169,0.84286,0.0
2000-08-03/2022-12-31,4,1,2,0.999,0.2,208,nsmallest,0.02169,0.84286,0.0
2000-08-03/2022-12-31,4,1,2,0.997,0.2,208,nsmallest,0.02169,0.84286,0.0
2000-08-02/2022-12-31,2,1,2,0.998,0.2,208,nsmallest,0.02041,0.8406,0.0
2000-08-02/2022-12-31,2,1,2,0.997,0.2,208,nsmallest,0.02041,0.8406,0.0
2000-08-02/2022-12-31,2,1,2,0.999,0.2,208,nsmallest,0.02041,0.8406,0.0
2000-08-05/2022-12-31,2,1,2,0.998,0.2,208,nsmallest,0.02025,0.84025,0.0
2000-08-05/2022-12-31,2,1,2,0.997,0.2,208,nsmallest,0.02025,0.84025,0.0
2000-08-05/2022-12-31,2,1,2,0.999,0.2,208,nsmallest,0.02025,0.84025,0.0
2000-08-03/2022-12-31,3,1,1,0.998,0.2,208,nsmallest,0.01775,0.83536,0.01
2000-08-03/2022-12-31,3,1,1,0.999,0.2,208,nsmallest,0.01775,0.83536,0.01
2000-08-03/2022-12-31,3,1,1,0.997,0.2,208,nsmallest,0.01775,0.83536,0.01
2000-08-04/2022-12-31,1,2,1,0.998,0.2,208,nsmallest,0.01726,0.83429,0.0
2000-08-09/2022-12-31,3,1,1,0.998,0.2,208,nsmallest,0.0172,0.83407,0.01
2000-08-09/2022-12-31,3,1,1,0.997,0.2,208,nsmallest,0.0172,0.83407,0.01
2000-08-09/2022-12-31,3,1,1,0.999,0.2,208,nsmallest,0.0172,0.83407,0.01
2000-08-09/2022-12-31,1,2,1,0.998,0.2,208,nsmallest,0.01716,0.83399,0.0
2000-08-01/2022-12-31,1,2,1,0.998,0.2,208,nsmallest,0.01696,0.83369,0.0
2000-08-04/2022-12-31,4,1,1,0.997,0.2,208,nsmallest,0.01514,0.82944,0.03
2000-08-04/2022-12-31,4,1,1,0.999,0.2,208,nsmallest,0.01514,0.82944,0.03
2000-08-04/2022-12-31,4,1,1,0.998,0.2,208,nsmallest,0.01514,0.82944,0.03
2000-08-06/2022-12-31,1,2,1,0.997,0.2,208,nsmallest,0.013,0.82377,0.03
2000-08-07/2022-12-31,1,2,1,0.997,0.2,208,nsmallest,0.013,0.82376,0.03
2000-08-03/2022-12-31,1,2,1,0.997,0.2,208,nsmallest,0.01295,0.82369,0.03
2000-08-08/2022-12-31,1,2,1,0.997,0.2,208,nsmallest,0.01231,0.82172,0.02
2000-08-03/2022-12-31,7,1,1,0.997,0.2,208,nsmallest,0.01064,0.81649,0.04
2000-08-03/2022-12-31,7,1,1,0.999,0.2,208,nsmallest,0.01064,0.81649,0.04
2000-08-03/2022-12-31,7,1,1,0.998,0.2,208,nsmallest,0.01064,0.81649,0.04
2000-08-02/2022-12-31,2,1,1,0.999,0.2,208,nsmallest,0.01021,0.815,0.0
2000-08-02/2022-12-31,2,1,1,0.998,0.2,208,nsmallest,0.01021,0.815,0.0
2000-08-02/2022-12-31,2,1,1,0.997,0.2,208,nsmallest,0.01021,0.815,0.0
2000-08-05/2022-12-31,5,1,2,0.998,0.2,208,nsmallest,0.01016,0.81479,0.0
2000-08-05/2022-12-31,5,1,2,0.999,0.2,208,nsmallest,0.01016,0.81479,0.0
2000-08-05/2022-12-31,5,1,2,0.997,0.2,208,nsmallest,0.01016,0.81479,0.0
2000-08-05/2022-12-31,2,1,1,0.999,0.2,208,nsmallest,0.00998,0.81414,0.0
2000-08-05/2022-12-31,2,1,1,0.998,0.2,208,nsmallest,0.00998,0.81414,0.0
2000-08-05/2022-12-31,2,1,1,0.997,0.2,208,nsmallest,0.00998,0.81414,0.0
2000-08-04/2022-12-31,1,2,1,0.997,0.2,208,nsmallest,0.00976,0.81333,0.0
2000-08-09/2022-12-31,1,2,1,0.997,0.2,208,nsmallest,0.00974,0.81316,0.0
2000-08-01/2022-12-31,1,2,1,0.997,0.2,208,nsmallest,0.00957,0.81267,0.0
2000-08-04/2022-12-31,3,1,2,0.999,0.2,208,nsmallest,0.00723,0.8025,0.07
2000-08-04/2022-12-31,3,1,2,0.998,0.2,208,nsmallest,0.00723,0.8025,0.07
2000-08-04/2022-12-31,3,1,2,0.997,0.2,208,nsmallest,0.00723,0.8025,0.07
2000-08-04/2022-12-31,2,1,2,0.998,0.2,208,nsmallest,0.00603,0.79606,0.05
2000-08-04/2022-12-31,2,1,2,0.997,0.2,208,nsmallest,0.00603,0.79606,0.05
2000-08-04/2022-12-31,2,1,2,0.999,0.2,208,nsmallest,0.00603,0.79606,0.05
2000-08-09/2022-12-31,2,1,2,0.997,0.2,208,nsmallest,0.00593,0.79531,0.04
2000-08-09/2022-12-31,2,1,2,0.999,0.2,208,nsmallest,0.00593,0.79531,0.04
2000-08-09/2022-12-31,2,1,2,0.998,0.2,208,nsmallest,0.00593,0.79531,0.04
2000-08-01/2022-12-31,2,1,2,0.999,0.2,208,nsmallest,0.0058,0.79475,0.03
2000-08-01/2022-12-31,2,1,2,0.998,0.2,208,nsmallest,0.0058,0.79475,0.03
2000-08-01/2022-12-31,2,1,2,0.997,0.2,208,nsmallest,0.0058,0.79475,0.03
2000-08-05/2022-12-31,5,1,1,0.997,0.2,208,nsmallest,0.003,0.77165,0.0
2000-08-05/2022-12-31,5,1,1,0.999,0.2,208,nsmallest,0.003,0.77165,0.0
2000-08-05/2022-12-31,5,1,1,0.998,0.2,208,nsmallest,0.003,0.77165,0.0
2000-08-04/2022-12-31,3,1,1,0.999,0.2,208,nsmallest,0.00277,0.76884,0.09
2000-08-04/2022-12-31,3,1,1,0.998,0.2,208,nsmallest,0.00277,0.76884,0.09
2000-08-04/2022-12-31,3,1,1,0.997,0.2,208,nsmallest,0.00277,0.76884,0.09
2000-08-06/2022-12-31,2,1,2,0.997,0.2,208,nsmallest,0.00193,0.75653,0.17
2000-08-06/2022-12-31,2,1,2,0.999,0.2,208,nsmallest,0.00193,0.75653,0.17
2000-08-06/2022-12-31,2,1,2,0.998,0.2,208,nsmallest,0.00193,0.75653,0.17
2000-08-07/2022-12-31,2,1,2,0.997,0.2,208,nsmallest,0.00193,0.75651,0.17
2000-08-07/2022-12-31,2,1,2,0.998,0.2,208,nsmallest,0.00193,0.75651,0.17
2000-08-07/2022-12-31,2,1,2,0.999,0.2,208,nsmallest,0.00193,0.75651,0.17
2000-08-03/2022-12-31,2,1,2,0.997,0.2,208,nsmallest,0.00192,0.75648,0.17
2000-08-03/2022-12-31,2,1,2,0.998,0.2,208,nsmallest,0.00192,0.75648,0.17
2000-08-03/2022-12-31,2,1,2,0.999,0.2,208,nsmallest,0.00192,0.75648,0.17
2000-08-08/2022-12-31,2,1,2,0.997,0.2,208,nsmallest,0.0019,0.75604,0.16
2000-08-08/2022-12-31,2,1,2,0.998,0.2,208,nsmallest,0.0019,0.75604,0.16
2000-08-08/2022-12-31,2,1,2,0.999,0.2,208,nsmallest,0.0019,0.75604,0.16
2000-08-04/2022-12-31,2,1,1,0.998,0.2,208,nsmallest,0.00089,0.73091,0.03
2000-08-04/2022-12-31,2,1,1,0.997,0.2,208,nsmallest,0.00089,0.73091,0.03
2000-08-04/2022-12-31,2,1,1,0.999,0.2,208,nsmallest,0.00089,0.73091,0.03
2000-08-09/2022-12-31,2,1,1,0.997,0.2,208,nsmallest,0.00088,0.73021,0.02
2000-08-09/2022-12-31,2,1,1,0.998,0.2,208,nsmallest,0.00088,0.73021,0.02
2000-08-09/2022-12-31,2,1,1,0.999,0.2,208,nsmallest,0.00088,0.73021,0.02
2000-08-01/2022-12-31,2,1,1,0.997,0.2,208,nsmallest,0.00086,0.72982,0.02
2000-08-01/2022-12-31,2,1,1,0.999,0.2,208,nsmallest,0.00086,0.72982,0.02
2000-08-01/2022-12-31,2,1,1,0.998,0.2,208,nsmallest,0.00086,0.72982,0.02
2000-08-06/2022-12-31,2,1,1,0.997,0.2,208,nsmallest,8e-05,0.65806,0.02
2000-08-06/2022-12-31,2,1,1,0.999,0.2,208,nsmallest,8e-05,0.65806,0.02
2000-08-06/2022-12-31,2,1,1,0.998,0.2,208,nsmallest,8e-05,0.65806,0.02
2000-08-03/2022-12-31,2,1,1,0.997,0.2,208,nsmallest,8e-05,0.65804,0.02
2000-08-03/2022-12-31,2,1,1,0.998,0.2,208,nsmallest,8e-05,0.65804,0.02
2000-08-03/2022-12-31,2,1,1,0.999,0.2,208,nsmallest,8e-05,0.65804,0.02
2000-08-07/2022-12-31,2,1,1,0.998,0.2,208,nsmallest,8e-05,0.65802,0.02
2000-08-07/2022-12-31,2,1,1,0.997,0.2,208,nsmallest,8e-05,0.65802,0.02
2000-08-07/2022-12-31,2,1,1,0.999,0.2,208,nsmallest,8e-05,0.65802,0.02
2000-08-08/2022-12-31,2,1,1,0.998,0.2,208,nsmallest,8e-05,0.6576,0.01
2000-08-08/2022-12-31,2,1,1,0.997,0.2,208,nsmallest,8e-05,0.6576,0.01
2000-08-08/2022-12-31,2,1,1,0.999,0.2,208,nsmallest,8e-05,0.6576,0.01
2000-08-06/2022-12-31,1,1,2,0.998,0.2,208,nsmallest,3e-05,0.62414,0.01
2000-08-06/2022-12-31,1,1,2,0.997,0.2,208,nsmallest,3e-05,0.62414,0.01
2000-08-06/2022-12-31,1,1,2,0.999,0.2,208,nsmallest,3e-05,0.62414,0.01
2000-08-04/2022-12-31,1,1,2,0.999,0.2,208,nsmallest,3e-05,0.6241,0.01
2000-08-04/2022-12-31,1,1,2,0.998,0.2,208,nsmallest,3e-05,0.6241,0.01
2000-08-04/2022-12-31,1,1,2,0.997,0.2,208,nsmallest,3e-05,0.6241,0.01
2000-08-07/2022-12-31,1,1,2,0.999,0.2,208,nsmallest,3e-05,0.6241,0.01
2000-08-07/2022-12-31,1,1,2,0.998,0.2,208,nsmallest,3e-05,0.6241,0.01
2000-08-07/2022-12-31,1,1,2,0.997,0.2,208,nsmallest,3e-05,0.6241,0.01
2000-08-02/2022-12-31,1,1,2,0.998,0.2,208,nsmallest,3e-05,0.6235,0.0
2000-08-02/2022-12-31,1,1,2,0.997,0.2,208,nsmallest,3e-05,0.6235,0.0
2000-08-02/2022-12-31,1,1,2,0.999,0.2,208,nsmallest,3e-05,0.6235,0.0
2000-08-08/2022-12-31,1,1,2,0.998,0.2,208,nsmallest,3e-05,0.62347,0.0
2000-08-08/2022-12-31,1,1,2,0.999,0.2,208,nsmallest,3e-05,0.62347,0.0
2000-08-08/2022-12-31,1,1,2,0.997,0.2,208,nsmallest,3e-05,0.62347,0.0
2000-08-06/2022-12-31,1,1,1,0.998,0.2,208,nsmallest,1e-05,0.60246,0.0
2000-08-06/2022-12-31,1,1,1,0.999,0.2,208,nsmallest,1e-05,0.60246,0.0
2000-08-06/2022-12-31,1,1,1,0.997,0.2,208,nsmallest,1e-05,0.60246,0.0
2000-08-04/2022-12-31,1,1,1,0.999,0.2,208,nsmallest,1e-05,0.60242,0.0
2000-08-04/2022-12-31,1,1,1,0.997,0.2,208,nsmallest,1e-05,0.60242,0.0
2000-08-04/2022-12-31,1,1,1,0.998,0.2,208,nsmallest,1e-05,0.60242,0.0
2000-08-07/2022-12-31,1,1,1,0.999,0.2,208,nsmallest,1e-05,0.60242,0.0
2000-08-07/2022-12-31,1,1,1,0.998,0.2,208,nsmallest,1e-05,0.60242,0.0
2000-08-07/2022-12-31,1,1,1,0.997,0.2,208,nsmallest,1e-05,0.60242,0.0
2000-08-02/2022-12-31,1,1,1,0.997,0.2,208,nsmallest,1e-05,0.60207,0.0
2000-08-02/2022-12-31,1,1,1,0.998,0.2,208,nsmallest,1e-05,0.60207,0.0
2000-08-02/2022-12-31,1,1,1,0.999,0.2,208,nsmallest,1e-05,0.60207,0.0
2000-08-08/2022-12-31,1,1,1,0.999,0.2,208,nsmallest,1e-05,0.60124,0.0
2000-08-08/2022-12-31,1,1,1,0.998,0.2,208,nsmallest,1e-05,0.60124,0.0
2000-08-08/2022-12-31,1,1,1,0.997,0.2,208,nsmallest,1e-05,0.60124,0.0
2000-08-05/2022-12-31,1,1,1,0.999,0.2,208,nsmallest,1e-05,0.58953,0.01
2000-08-05/2022-12-31,1,1,1,0.998,0.2,208,nsmallest,1e-05,0.58953,0.01
2000-08-05/2022-12-31,1,1,1,0.997,0.2,208,nsmallest,1e-05,0.58953,0.01
2000-08-01/2022-12-31,1,1,1,0.997,0.2,208,nsmallest,1e-05,0.58904,0.0
2000-08-01/2022-12-31,1,1,1,0.998,0.2,208,nsmallest,1e-05,0.58904,0.0
2000-08-01/2022-12-31,1,1,1,0.999,0.2,208,nsmallest,1e-05,0.58904,0.0
2000-08-03/2022-12-31,1,1,1,0.997,0.2,208,nsmallest,1e-05,0.58899,0.0
2000-08-03/2022-12-31,1,1,1,0.998,0.2,208,nsmallest,1e-05,0.58899,0.0
2000-08-03/2022-12-31,1,1,1,0.999,0.2,208,nsmallest,1e-05,0.58899,0.0
2000-08-09/2022-12-31,1,1,1,0.997,0.2,208,nsmallest,1e-05,0.58898,0.0
2000-08-09/2022-12-31,1,1,1,0.998,0.2,208,nsmallest,1e-05,0.58898,0.0
2000-08-09/2022-12-31,1,1,1,0.999,0.2,208,nsmallest,1e-05,0.58898,0.0
2000-08-03/2022-12-31,1,1,2,0.998,0.2,208,nsmallest,0.0,0.5673,0.0
2000-08-03/2022-12-31,1,1,2,0.997,0.2,208,nsmallest,0.0,0.5673,0.0
2000-08-03/2022-12-31,1,1,2,0.999,0.2,208,nsmallest,0.0,0.5673,0.0
2000-08-09/2022-12-31,1,1,2,0.999,0.2,208,nsmallest,0.0,0.56718,0.0
2000-08-09/2022-12-31,1,1,2,0.998,0.2,208,nsmallest,0.0,0.56718,0.0
2000-08-09/2022-12-31,1,1,2,0.997,0.2,208,nsmallest,0.0,0.56718,0.0
2000-08-01/2022-12-31,1,1,2,0.997,0.2,208,nsmallest,0.0,0.56707,0.0
2000-08-01/2022-12-31,1,1,2,0.998,0.2,208,nsmallest,0.0,0.56707,0.0
2000-08-01/2022-12-31,1,1,2,0.999,0.2,208,nsmallest,0.0,0.56707,0.0
2000-08-05/2022-12-31,1,1,2,0.998,0.2,208,nsmallest,0.0,0.56692,0.0
2000-08-05/2022-12-31,1,1,2,0.999,0.2,208,nsmallest,0.0,0.56692,0.0
2000-08-05/2022-12-31,1,1,2,0.997,0.2,208,nsmallest,0.0,0.56692,0.0
